3 830
487 665
487 830
487 869
665 869
3 966
487 721
621 921
3 28
3 324
70 324
70 665
205 622
310 622
310 665
324 622
487 622
324 565
266 726
2 380
2 733
2 1004
2 1038
4 665
4 797
6 23
6 199
6 452
6 477
6 479
6 1015
7 348
7 835
7 846
8 102
8 787
8 870
8 871
8 876
9 238
9 446
9 661
9 671
9 833
9 853
9 932
9 1025
10 771
12 63
12 286
12 497
12 515
12 530
12 635
12 646
12 712
12 968
12 978
12 1036
14 43
14 536
15 430
15 470
16 253
16 998
17 306
17 502
18 198
18 566
18 879
19 902
19 940
20 126
20 592
20 875
23 129
23 322
23 433
23 491
23 1016
25 30
25 34
25 136
25 401
25 704
25 979
25 1050
26 404
26 563
26 628
26 808
26 1016
27 179
27 194
3 70
3 348
3 613
30 349
30 514
30 515
30 993
31 204
31 577
31 609
31 801
33 173
33 913
33 986
35 178
35 341
35 428
35 552
35 671
35 861
35 1090
36 211
36 488
36 588
36 602
36 927
36 983
37 532
38 237
38 471
38 477
38 847
38 1003
39 326
39 609
40 409
40 951
42 75
42 336
42 556
42 894
42 948
42 1005
45 1022
46 147
46 182
46 292
46 393
46 900
5 791
47 214
47 542
47 885
48 655
48 1029
48 1072
49 1033
3 112
3 442
3 482
3 712
3 824
3 859
3 870
3 1009
50 354
50 675
50 1031
52 703
52 1025
52 1088
56 101
56 577
56 854
56 895
57 432
57 589
57 870
58 271
61 729
61 916
62 470
62 678
62 952
63 195
63 804
63 945
64 436
64 464
64 1086
65 125
65 221
65 558
65 994
65 1075
66 159
66 268
66 988
69 476
69 1004
71 145
71 1078
72 142
72 296
72 567
72 839
73 346
73 550
73 582
73 584
73 1075
74 315
75 547
75 824
75 918
75 1031
75 1035
76 264
76 430
76 669
76 1068
76 1071
77 100
77 211
77 554
78 436
78 515
78 523
78 568
78 907
79 326
79 912
81 752
81 872
81 899
83 153
83 929
83 1085
85 142
85 545
86 348
86 838
88 114
88 307
88 854
88 961
89 368
89 927
92 123
92 434
93 369
93 537
93 550
93 871
93 947
93 1025
94 108
94 206
94 228
94 379
94 584
94 865
94 926
95 378
95 766
97 499
98 240
98 917
98 1003
99 203
99 214
99 461
100 112
100 136
100 137
100 352
100 488
101 468
101 552
101 837
101 957
102 197
102 898
103 276
103 470
103 887
104 455
104 587
105 305
106 503
106 697
106 767
106 789
106 1031
107 127
107 348
108 197
108 401
108 461
108 789
108 824
108 854
109 191
109 312
109 654
109 985
110 140
110 892
110 909
110 991
110 1091
112 192
112 361
112 545
112 954
112 1042
113 570
113 783
114 783
114 871
114 997
115 420
115 433
115 828
115 890
116 183
116 421
116 596
116 597
117 585
118 368
118 478
118 506
118 520
118 559
119 655
119 324
119 953
120 458
120 800
121 1029
121 1067
122 417
122 485
122 757
122 871
122 1053
123 139
123 764
123 953
123 1025
125 189
125 333
125 566
125 648
125 853
125 872
125 932
126 448
126 646
127 296
127 609
127 874
127 890
129 132
129 279
129 515
129 841
129 983
129 1099
129 1104
130 777
130 1045
131 603
132 224
132 446
132 756
132 894
132 1039
133 952
133 1032
134 592
134 1027
135 331
135 767
135 809
136 273
136 889
136 929
137 260
138 399
138 539
138 1028
139 173
139 314
139 691
70 166
70 580
141 197
141 589
141 612
141 1032
142 323
142 592
142 984
142 994
142 1003
142 1050
144 288
144 341
144 733
145 235
145 346
145 646
146 408
146 569
147 431
147 622
147 714
147 725
148 483
148 491
148 496
148 523
148 701
148 796
148 1033
149 772
151 224
151 847
151 956
153 340
153 469
153 943
153 1062
155 364
155 918
156 195
156 664
156 700
156 832
156 1047
157 163
157 225
157 281
157 472
157 756
157 1044
158 163
158 506
159 403
159 886
159 947
159 1029
161 206
162 278
163 240
163 260
163 973
163 1036
164 543
164 614
165 412
166 480
166 1033
168 994
169 228
169 681
169 1100
171 319
171 383
171 421
171 478
171 616
171 642
171 681
171 324
172 190
172 221
172 575
172 776
172 969
173 423
173 480
173 543
173 658
173 786
175 435
175 787
175 937
176 760
176 996
177 235
177 1099
179 296
179 943
179 944
180 285
180 512
180 1059
181 518
181 874
182 424
182 616
183 472
183 583
183 622
184 476
184 917
188 346
188 424
188 428
188 1014
189 523
189 949
190 390
190 1077
190 1079
191 212
191 491
191 544
191 563
191 615
191 891
192 623
192 786
192 1025
193 494
193 656
193 745
193 928
194 206
194 283
194 603
194 746
194 790
194 925
194 939
195 324
196 756
196 852
196 908
197 239
197 534
197 542
197 836
198 280
198 457
198 492
198 578
198 814
200 553
200 612
200 729
200 739
200 923
201 341
201 468
201 749
201 840
201 962
202 504
202 561
202 739
202 757
202 854
203 268
203 644
203 914
203 958
203 1016
204 757
204 887
204 1004
206 461
207 279
207 577
207 679
207 1022
208 259
208 479
209 557
209 936
210 280
210 706
210 1067
211 862
211 953
212 741
212 755
213 259
213 767
213 879
213 1083
214 268
214 380
214 469
215 243
215 270
215 362
215 966
216 346
216 401
216 1007
218 418
218 811
218 927
218 943
218 1009
219 307
220 338
220 383
220 575
220 915
220 1028
224 851
224 946
224 1077
225 378
225 429
225 479
225 691
225 868
225 993
225 1058
226 768
226 956
226 1030
228 531
228 718
228 993
230 476
230 691
231 373
231 640
231 1009
232 333
232 380
232 438
232 593
232 666
232 733
232 804
233 497
233 745
234 446
234 618
234 952
235 765
235 811
236 285
236 803
237 527
237 858
237 892
238 326
238 397
238 491
238 580
238 597
238 1049
239 875
239 929
239 982
239 1094
240 679
240 1040
241 679
241 797
241 1026
242 517
243 277
243 412
243 623
243 721
243 885
244 658
244 986
244 1093
245 717
246 1036
247 293
247 717
247 932
249 832
251 480
251 570
252 1078
253 338
253 690
253 894
254 580
256 468
256 534
256 908
257 432
257 875
257 1067
258 485
258 1039
259 452
259 881
259 906
259 1058
260 383
260 449
260 495
263 307
263 430
264 355
264 455
264 479
264 820
265 556
269 513
269 1002
269 1047
270 390
270 872
270 879
271 322
273 464
273 601
274 414
274 1084
275 506
275 930
276 883
276 963
276 1073
277 603
277 1007
280 554
281 1069
284 321
285 330
286 597
286 651
286 710
286 897
287 740
287 1088
288 962
288 970
289 608
289 679
289 725
290 297
290 343
291 432
291 324
292 616
292 814
293 704
293 903
296 314
296 579
296 1069
297 522
297 613
297 750
297 876
298 1087
299 397
299 957
299 977
304 347
304 572
304 645
304 860
305 523
305 644
305 1032
306 442
307 1068
307 1097
309 407
309 420
309 424
309 595
311 612
312 994
313 532
313 706
314 820
314 841
315 475
315 630
315 923
318 872
319 615
319 666
319 738
319 790
319 836
319 1018
320 898
320 953
320 1046
321 558
321 969
321 1078
322 475
322 750
323 514
323 620
323 932
326 608
327 354
327 458
327 548
327 905
327 978
328 822
329 706
329 1102
330 449
331 505
331 648
331 1084
332 537
332 755
333 845
336 976
336 1051
338 354
340 859
341 459
341 550
342 983
342 1003
343 568
343 931
344 415
344 786
345 833
346 615
347 360
347 557
347 594
347 984
348 841
348 888
348 940
349 1042
349 1065
352 410
353 442
353 759
353 1008
354 547
354 596
354 727
354 1083
355 512
355 797
355 808
355 850
355 1044
355 1074
356 580
356 677
359 746
359 797
359 1050
360 438
361 649
361 787
361 899
361 924
362 538
362 1048
362 1066
362 1072
364 477
364 545
364 547
364 620
364 692
365 733
366 1101
368 664
368 820
369 476
369 885
369 904
369 912
370 845
370 956
370 1019
373 901
373 948
373 1025
373 1068
374 438
374 961
374 1027
375 776
375 883
376 434
376 443
376 864
377 408
378 477
378 578
378 906
379 414
379 834
379 961
380 718
383 539
383 739
383 882
383 1018
387 654
390 554
390 826
390 951
390 972
390 1045
393 710
393 804
394 1099
396 485
396 666
396 855
397 1008
398 403
398 618
398 746
398 987
399 470
399 777
399 913
399 1038
399 1047
400 417
400 529
400 549
400 571
401 771
401 903
404 424
404 1090
404 1091
406 618
407 874
408 860
408 1062
409 473
409 952
410 536
410 824
410 970
412 870
414 508
414 601
414 727
414 870
415 904
415 1069
417 476
417 790
417 808
417 847
417 901
417 994
417 997
418 431
418 648
418 1016
418 1017
420 815
421 474
421 1003
421 1100
423 714
424 480
424 1085
426 516
426 518
426 925
429 587
429 755
429 1041
430 950
431 479
431 1071
432 556
432 1082
434 771
435 440
435 539
435 788
436 513
436 690
436 1018
438 544
438 1033
439 518
439 535
440 552
440 687
440 804
440 1091
441 615
441 808
441 916
441 1050
442 530
442 603
442 1056
442 966
443 958
446 642
446 764
446 940
446 1000
448 570
448 782
448 810
448 879
448 1087
449 505
449 548
449 630
450 729
451 677
451 1003
324 489
452 505
452 531
452 690
455 779
457 914
457 948
458 468
458 770
459 815
459 1089
461 464
461 468
461 962
461 1104
464 902
466 801
466 1009
466 1039
469 608
470 491
471 595
471 833
471 970
471 995
473 876
473 995
474 642
474 747
474 826
474 1046
474 1080
475 609
475 1071
475 1087
476 613
476 764
476 1052
477 1007
477 1097
479 891
479 919
479 1059
483 747
484 531
484 819
484 894
485 649
485 1078
488 866
488 1028
491 554
491 841
492 671
492 936
493 509
493 580
494 620
494 752
495 517
495 885
495 1005
496 840
496 928
497 920
499 539
499 622
501 802
502 704
502 740
502 797
502 979
503 577
503 740
503 760
504 738
505 969
507 616
507 664
508 855
509 578
509 860
510 613
512 727
512 973
512 995
514 1019
515 552
515 729
515 783
515 974
516 600
516 782
516 848
517 592
517 802
517 957
517 969
517 1022
519 614
519 845
519 926
520 951
520 1035
521 523
521 531
521 803
521 1074
523 985
527 801
527 950
527 952
528 1078
530 755
531 609
531 797
531 944
532 778
534 681
534 989
535 690
535 691
535 1058
536 824
536 958
536 1084
537 836
538 624
538 1100
539 574
542 652
542 700
542 1045
543 631
544 929
544 964
544 1053
545 865
545 1066
546 651
546 707
546 1046
547 757
547 937
548 840
548 1023
551 632
552 622
552 828
552 926
553 724
553 876
554 632
554 1083
555 646
555 880
556 920
557 801
557 927
559 1080
560 814
564 847
564 1040
567 966
568 1074
571 866
572 584
572 750
572 803
572 904
575 969
575 1019
577 772
577 818
578 766
578 905
578 1054
579 822
579 939
579 946
580 747
582 838
582 932
582 1090
584 767
585 722
588 774
589 894
592 887
592 895
593 735
594 678
594 767
594 1041
594 1045
595 658
595 689
595 717
595 872
597 964
600 853
600 887
600 1104
601 880
601 1079
602 801
602 1087
603 669
603 804
603 1104
605 608
605 755
608 916
608 1009
609 813
612 767
612 832
613 648
614 1054
615 729
615 812
616 746
616 789
617 1071
618 1046
620 963
620 970
623 779
624 704
624 1051
624 1060
624 1093
625 858
627 1051
630 649
622 828
631 887
631 936
631 974
632 964
635 690
636 1016
636 1085
636 1093
638 649
638 771
640 665
640 989
640 1066
642 1007
644 838
644 1035
645 920
648 918
649 714
649 825
649 970
651 831
651 1100
654 689
654 695
656 833
658 885
658 1050
668 863
671 681
671 724
671 887
671 909
671 1030
665 756
665 767
665 786
665 961
674 875
675 766
677 795
678 1104
687 725
687 743
687 920
687 1102
691 996
693 797
695 813
695 866
697 801
701 906
703 984
706 861
706 928
707 1042
710 882
712 820
712 912
712 1091
714 856
665 903
722 1083
722 1089
724 912
725 792
725 963
727 760
727 878
728 749
728 881
729 991
731 855
731 884
731 941
733 974
733 1067
741 927
743 784
743 803
747 907
749 988
750 882
752 1078
755 901
756 858
759 939
761 324
764 879
764 972
765 872
766 848
767 851
767 1068
769 1074
770 1022
771 811
774 856
776 818
776 862
776 927
776 934
776 941
776 1041
776 1069
777 788
779 840
781 1031
782 885
784 835
784 1038
785 813
785 1101
788 890
788 898
789 927
790 852
790 905
791 917
792 810
792 895
792 1066
793 914
793 984
794 1093
795 947
800 828
800 945
802 845
803 920
803 945
804 986
807 857
808 915
809 819
810 884
810 887
810 942
811 834
811 941
811 1045
813 897
817 889
818 944
819 1089
822 1050
822 1088
823 923
823 940
823 987
823 1075
825 943
832 834
832 1042
835 1057
836 870
836 871
836 943
836 948
836 992
837 906
837 925
838 1064
839 1049
840 970
841 1074
842 1087
843 1052
845 855
845 891
845 918
846 983
847 943
848 934
851 898
851 973
851 1051
852 989
852 1092
856 958
859 1102
862 1005
863 1082
864 1056
866 1042
867 930
868 965
870 1015
871 929
872 1017
880 886
881 924
881 1073
882 1073
885 905
888 968
889 956
890 1058
891 1028
892 996
895 1049
896 933
897 1054
901 920
901 950
902 1097
903 974
904 1102
906 1037
907 942
907 991
324 909
324 912
912 1017
913 1064
915 951
916 1065
916 1101
918 979
919 994
930 1052
931 979
931 1003
932 1044
933 974
934 995
936 948
937 987
937 1062
937 1078
939 1033
940 1071
940 1083
943 1037
944 950
953 975
953 978
954 965
954 1018
954 1074
978 1017
979 1028
979 1094
983 1033
988 1058
989 995
989 1015
992 1019
993 1092
1007 1015
1015 1103
1018 1078
1026 1100
1027 1084
1028 1038
1030 1076
1033 1045
1035 1037
1036 1094
1045 1051
1048 1078
1052 1064
1052 1073
1057 1102
1083 1097
1091 1102
5 665
5 966
51 351
51 629
90 351
303 445
185 893
44 665
11 622
324 405
339 709
351 386
357 324
386 629
416 185
419 445
351 966
405 317
453 911
454 966
405 665
339 634
339 936
317 869
462 659
622 676
622 665
670 1034
665 659
702 869
673 1063
709 1063
659 742
936 966
28 665
111 324
205 721
205 665
324 721
324 487
665 816
721 829
721 816
3 721
487 676
583 665
205 324
205 583
205 966
205 869
205 487
324 583
324 966
487 966
869 966
486 966
3 622
3 665
3 487
3 205
111 487
111 665
111 893
