1 1
2 1
3 2
4 1
5 1
6 2
7 1
8 1
9 2
10 2
11 1
12 1
13 2
14 1
15 1
16 1
17 2
18 1
19 2
20 2
21 1
22 1
23 2
24 2
25 2
26 2
27 1
28 1
30 2
31 1
32 1
33 1
34 1
35 2
36 1
37 1
38 2
39 2
40 1
41 1
42 2
43 1
44 2
45 2
46 1
47 1
48 2
49 1
50 1
51 1
52 1
53 2
54 1
55 2
56 1
57 1
58 1
59 1
60 1
61 1
62 1
63 1
64 1
65 1
66 2
67 2
68 1
69 2
70 2
71 1
72 1
73 1
74 1
75 1
76 1
77 2
78 1
79 1
80 1
81 1
82 1
83 1
84 1
85 1
87 2
88 1
89 2
90 2
91 1
92 1
93 1
94 1
95 2
96 1
97 1
98 1
99 2
100 1
101 1
102 1
103 2
104 2
105 1
106 1
107 1
108 1
109 1
110 1
111 1
112 1
113 1
114 1
115 1
116 1
117 1
118 1
119 1
120 1
121 1
122 1
123 2
124 1
125 2
126 2
127 2
128 2
129 2
130 1
131 2
132 2
133 1
134 2
135 2
136 1
137 1
138 2
139 1
140 2
141 1
142 1
143 2
144 1
145 1
146 2
147 2
148 2
149 2
150 2
151 2
152 1
153 2
154 2
155 1
156 2
157 2
158 1
159 1
160 2
161 1
162 2
163 1
164 2
165 2
166 1
167 1
168 1
169 2
170 1
171 1
172 1
173 2
174 1
175 2
176 1
177 2
178 2
179 1
180 1
181 1
182 1
183 1
184 1
185 2
186 1
187 1
188 1
189 1
190 2
191 2
192 2
193 1
194 1
195 2
196 1
197 2
198 1
199 2
200 2
201 2
202 2
203 2
204 1
205 1
206 2
207 2
208 2
209 2
210 1
211 1
212 2
213 2
214 2
215 2
216 2
217 2
218 1
219 2
220 2
221 2
222 2
223 1
224 1
225 2
226 1
227 1
228 1
229 2
230 2
231 2
232 1
233 2
234 1
235 1
236 2
237 1
238 2
239 1
240 1
241 1
242 1
243 2
244 1
245 2
246 1
247 1
248 2
249 1
250 2
251 1
252 2
253 1
254 2
255 2
256 1
257 2
258 1
259 2
260 2
261 2
262 1
263 1
264 2
265 2
267 2
268 1
269 2
270 2
271 2
272 1
273 1
274 1
275 1
276 2
277 2
278 1
279 2
280 2
281 1
282 1
283 1
284 1
285 1
286 2
287 2
289 2
290 1
291 2
292 1
293 1
294 1
295 2
296 1
297 2
298 2
299 2
300 1
301 2
302 2
303 1
304 2
305 2
306 1
307 2
308 1
309 1
310 1
311 1
312 1
313 2
314 1
315 1
316 1
317 2
318 1
319 2
320 1
321 2
322 2
323 1
324 1
325 2
326 1
327 1
328 2
329 2
330 1
331 1
332 2
333 2
334 2
335 1
336 2
337 2
338 2
339 1
340 1
341 1
342 2
343 2
344 2
345 1
346 1
347 1
348 2
349 1
350 2
351 1
352 1
353 2
354 1
355 1
356 2
357 1
358 1
359 1
360 2
361 1
362 1
363 2
364 2
365 2
366 1
367 1
368 1
369 1
370 1
371 2
372 1
373 2
374 1
375 1
376 1
377 2
378 1
379 2
380 1
381 1
382 2
383 2
384 1
385 1
386 2
387 1
388 2
389 1
390 1
391 2
392 1
393 2
394 2
395 1
396 1
397 2
398 2
399 1
400 1
401 2
402 2
403 2
404 1
405 2
406 1
407 2
408 2
409 2
410 1
411 2
412 1
413 1
414 2
415 1
416 2
417 1
418 2
419 1
420 2
421 1
422 2
423 1
424 1
425 2
426 2
427 1
428 1
429 1
430 1
431 1
432 1
433 1
434 1
435 1
436 2
437 2
438 1
439 1
440 1
441 2
442 2
443 2
444 2
445 2
446 2
447 1
448 2
449 1
450 2
451 2
452 2
453 2
454 1
455 1
456 1
457 2
458 2
459 1
460 1
461 2
462 1
463 2
464 1
465 1
466 2
467 2
468 1
469 2
470 2
471 2
472 1
473 2
474 1
475 1
476 2
477 1
478 1
479 1
480 2
481 1
482 1
483 1
484 2
485 1
486 1
487 2
488 2
489 2
490 2
491 2
492 2
493 2
494 1
495 1
496 1
497 1
498 2
499 2
500 1
501 2
502 1
503 2
504 1
505 1
506 1
507 2
508 2
509 1
510 2
511 2
512 1
513 1
514 2
515 2
516 1
517 1
518 1
519 1
520 1
521 1
522 2
523 2
524 2
525 2
526 2
527 2
528 2
529 1
530 2
531 2
532 1
533 1
534 2
535 2
536 2
537 2
538 1
539 1
540 2
541 2
542 2
543 1
544 2
545 1
546 1
547 2
548 1
549 2
550 2
551 1
552 1
553 1
554 1
555 1
556 1
557 1
558 2
559 2
560 2
561 2
562 2
563 1
564 2
565 2
566 2
567 2
568 2
569 1
570 1
571 2
572 2
573 2
574 2
575 1
576 2
577 2
578 2
579 2
580 1
581 2
582 1
583 2
584 2
585 2
586 1
587 2
588 1
589 2
590 2
591 2
592 2
593 1
594 2
595 1
596 1
597 2
598 2
599 1
600 2
601 2
602 2
603 2
604 2
605 2
606 2
607 2
608 2
609 2
610 2
611 2
612 2
613 1
614 2
615 1
616 2
617 2
618 1
619 1
620 2
621 2
622 1
623 1
624 2
625 2
626 1
627 1
628 2
629 2
630 1
631 1
632 1
633 1
634 2
635 2
636 1
637 1
638 1
639 2
640 1
641 2
642 2
643 1
644 1
645 2
646 1
647 2
648 1
649 2
650 2
651 1
652 2
653 2
654 2
655 2
656 2
657 1
658 2
659 2
660 2
661 2
662 2
663 2
664 2
665 1
666 2
667 2
668 2
669 2
670 1
671 2
672 1
673 2
674 2
675 2
676 2
677 2
678 2
679 1
680 2
681 1
682 2
683 2
684 2
685 1
686 2
687 1
688 2
689 2
690 1
691 2
692 1
693 2
694 1
695 1
696 2
697 2
698 1
699 2
700 2
701 1
702 2
703 1
704 1
705 2
706 1
707 2
708 2
709 1
710 2
711 2
712 2
713 2
714 1
715 2
716 2
717 1
718 2
719 1
720 2
721 1
722 2
723 2
724 2
725 2
726 1
727 1
728 2
729 2
730 2
731 1
732 2
733 2
734 2
735 2
736 2
737 2
738 2
739 2
740 2
741 2
742 1
743 2
744 1
745 2
746 1
747 2
748 2
749 2
750 1
751 1
752 2
753 2
754 1
755 2
756 2
757 2
758 2
759 2
760 2
761 1
762 1
763 2
764 2
765 2
766 1
767 2
768 2
769 2
770 2
771 2
772 1
773 1
774 2
775 1
776 2
777 2
778 2
779 2
780 1
781 2
782 2
783 1
784 1
785 1
786 1
787 1
788 1
789 1
790 2
791 1
792 2
793 2
794 2
795 2
796 2
797 2
798 1
799 2
800 2
801 2
802 1
803 1
804 2
805 1
806 2
807 1
808 1
809 2
810 1
811 2
812 2
813 2
814 2
815 2
816 1
817 2
818 2
819 2
820 1
821 2
822 2
823 2
824 2
825 2
826 2
827 1
828 2
829 2
830 2
831 1
832 2
833 2
834 1
835 1
836 2
837 1
838 2
839 1
840 2
841 2
842 1
843 1
844 2
845 2
846 1
847 2
848 1
849 1
850 2
851 2
852 1
853 2
854 2
855 1
856 2
857 1
858 1
859 2
860 2
861 2
862 2
863 2
864 2
865 1
866 1
867 2
868 1
869 1
870 1
871 2
872 1
873 1
874 1
875 2
876 1
877 2
878 2
879 2
880 1
881 2
882 1
883 1
884 2
885 2
886 2
887 2
888 2
889 1
890 2
891 2
892 2
893 1
894 2
895 1
896 1
897 2
898 1
899 2
900 1
901 1
902 1
903 1
904 1
905 2
906 2
907 1
908 1
909 2
910 2
911 1
912 1
913 2
914 1
915 1
916 2
917 2
918 2
919 2
920 2
921 1
922 2
923 1
924 1
925 1
926 2
927 2
928 2
929 2
930 2
931 1
932 2
933 2
934 2
935 1
936 1
937 1
938 2
939 2
940 2
941 1
942 1
943 1
944 2
945 1
946 1
947 2
948 1
949 2
950 1
951 1
952 1
953 1
954 1
955 2
956 2
957 2
958 1
959 1
960 2
961 2
962 2
963 1
964 2
965 1
966 2
967 1
968 2
969 2
970 1
971 1
972 2
973 1
974 2
975 1
976 2
977 1
978 1
979 1
980 1
981 1
982 1
983 2
984 2
985 1
986 1
987 2
988 1
989 2
990 2
991 1
992 1
993 2
994 2
995 2
996 2
997 1
998 1
999 1
1000 1
1001 2
1002 1
1003 2
1004 2
1005 1
1006 2
1007 2
1008 1
1009 1
1010 1
1011 2
1012 2
1013 2
1014 2
1015 1
1016 1
1017 2
1018 1
1019 1
1020 1
1021 2
1022 2
1023 1
1024 1
1025 1
1026 2
1027 2
1028 1
1029 1
1030 1
1031 2
1032 2
1033 1
1034 1
1035 1
1036 2
1037 1
1038 2
1039 1
1040 1
1041 1
1042 2
1043 1
1044 1
1045 2
1046 1
1047 1
1048 2
1049 2
1050 1
1051 1
1052 1
1053 2
1054 1
1055 2
1056 2
1057 2
1058 1
1059 2
1060 2
1061 2
1062 1
1063 2
1064 1
1065 1
1066 2
1067 1
1068 1
1069 1
1070 2
1071 1
1072 2
1073 2
1074 1
1075 2
1076 2
1077 1
1078 1
1079 2
1080 2
1081 1
1082 2
1083 2
1084 2
1085 2
1086 1
1087 2
1088 2
1089 2
1090 1
1091 2
1092 1
1093 2
1094 1
1095 1
1096 1
1097 2
1098 1
1099 1
1100 1
1101 1
1102 2
1103 2
1104 1
1105 2
1106 1
1107 1
1108 2
1109 1
1110 2
1111 1
1112 2
1113 2
1114 1
1115 1
1116 2
1117 1
1118 2
1119 2
1120 1
1121 2
1122 2
1123 1
1124 1
1125 1
1126 1
1127 2
1128 2
1129 2
1130 1
1131 1
1132 2
1133 2
1134 1
1135 2
1136 2
1137 1
1138 2
1139 2
1140 1
1141 1
1142 2
1143 1
1144 2
1145 1
1146 1
1147 1
1148 1
1149 1
1150 1
1151 1
1152 2
1153 2
1154 2
1155 1
1156 1
1157 1
1158 1
1159 2
1160 2
1161 1
1162 1
1163 1
1164 2
1165 1
1166 1
1167 2
1168 1
1169 1
1170 1
1171 1
1172 2
1173 2
1174 1
1175 1
1176 2
1177 1
1178 1
1179 1
1180 2
1181 1
1182 2
1183 1
1184 1
1185 1
1186 2
1187 1
1188 1
1189 2
1190 2
1191 2
1192 2
1193 2
1194 1
1195 2
1196 2
1197 2
1198 1
1199 1
1200 2
1201 1
1202 1
1203 1
1204 1
1205 2
1206 2
1207 1
1208 2
1209 2
1210 2
1211 2
1212 1
1213 2
1214 1
1215 2
1216 2
1217 2
1218 1
1219 2
1220 1
1221 1
1222 2
1223 2
1224 2
1225 1
1226 2
1227 2
1228 1
1229 1
1230 2
1231 2
1232 1
1233 2
1234 2
1235 2
1236 2
1237 2
1238 2
1239 2
1240 1
1241 2
1242 1
1243 1
1244 1
1245 2
1246 2
1247 2
1248 1
1249 1
1250 1
1251 1
1252 2
1253 1
1254 2
1255 2
1256 2
1257 2
1258 1
1259 1
1260 1
1261 1
1262 1
1263 2
1264 2
1265 2
1266 1
1267 2
1268 1
1269 2
1270 2
1271 1
1272 1
1273 1
1274 2
1275 1
1276 2
1277 2
1278 2
1279 1
1280 2
1281 1
1282 2
1283 1
1284 2
1285 1
1286 1
1287 2
1288 2
1289 2
1290 1
1291 1
1292 1
1293 1
1294 1
1295 2
1296 1
1297 2
1298 1
1299 1
1300 2
1301 1
1302 1
1303 2
1304 1
1305 2
1306 1
1307 2
1308 1
1309 2
1310 2
1311 1
1312 2
1313 2
1314 2
1315 1
1316 1
1317 1
1318 1
1319 2
1320 2
1321 2
1322 2
1323 2
1324 1
1325 1
1326 2
1327 1
1328 1
1329 2
1330 2
1331 1
1332 2
1333 2
1334 2
1335 1
1336 1
1337 2
1338 1
1339 2
1340 1
1341 2
1342 1
1343 2
1344 1
1345 1
1346 2
1347 2
1348 2
1349 1
1350 2
1351 2
1352 1
1353 2
1354 1
1355 2
1356 1
1357 1
1358 1
1359 2
1360 1
1361 1
1362 1
1363 1
1364 1
1365 1
1367 1
1368 1
1369 2
1370 2
1371 1
1372 2
1373 1
1374 2
1375 2
1376 2
1377 2
1378 2
1379 2
1380 1
1381 2
1382 1
1383 2
1384 2
1385 1
1386 2
1387 2
1388 1
1389 1
1390 2
1391 1
1392 1
1393 2
1394 2
1395 2
1396 2
1397 2
1398 1
1399 2
1400 1
1401 2
1402 2
1403 2
1404 1
1405 2
1406 2
1407 1
1408 1
1409 2
1410 1
1411 2
1412 1
1413 2
1414 2
1415 1
1416 2
1417 1
1418 1
1419 2
1420 2
1421 2
1422 1
1423 1
1424 1
1425 2
1426 1
1427 2
1428 1
1429 2
1430 1
1431 2
1432 2
1433 2
1434 2
1435 2
1436 2
1437 2
1438 1
1439 2
1440 2
1441 1
1442 1
1443 2
1444 1
1445 1
1446 2
1447 1
1448 2
1449 2
1450 2
1451 2
1452 2
1453 1
1454 1
1455 2
1456 2
1457 1
1458 2
1459 1
1460 2
1461 2
1462 2
1463 2
1464 2
1465 2
1466 2
1467 2
1468 2
1469 2
1470 1
1471 2
1472 2
1473 2
1474 2
1475 2
1476 2
1477 2
1478 1
1479 2
1480 2
1481 2
1482 1
1483 2
1484 2
1485 2
1486 1
1487 1
1488 2
1489 2
1490 1
1491 2
1492 2
1493 1
1494 1
1495 2
1496 2
1497 2
1498 1
1499 2
1500 2
1501 2
1502 1
1503 1
1504 2
1505 2
1506 2
1507 1
1508 2
1509 1
1510 2
1511 2
1512 1
1513 1
1514 2
1515 2
1516 1
1517 1
1518 1
1519 1
1520 2
1521 1
1522 2
1523 1
1524 1
1525 1
1526 1
1527 2
1528 2
1529 2
1530 1
1531 1
1532 1
1533 1
1534 2
1535 2
1536 2
1537 2
1538 1
1539 1
1540 1
1541 2
1542 2
1543 1
1544 2
1545 2
1546 2
1547 1
1548 2
1549 2
1550 2
1551 1
1552 1
1553 1
1554 2
1555 2
1556 2
1557 1
1558 1
1559 2
1560 2
1561 1
1562 1
1563 2
1564 2
1565 1
1566 1
1567 1
1568 1
1569 1
1570 1
1571 1
1572 2
1573 2
1574 2
1575 2
1576 2
1577 2
1578 1
1579 2
1580 1
1581 1
1582 1
1583 2
1584 1
1585 1
1586 1
1587 2
1588 1
1589 1
1590 1
1591 2
1592 2
1593 1
1594 2
1595 2
1596 2
1597 2
1598 2
1599 1
1600 2
1601 1
1602 2
1603 2
1604 2
1605 2
1606 2
1607 2
1608 1
1609 2
1610 2
1611 1
1612 1
1613 1
1614 1
1615 2
1616 2
1617 1
1618 2
1619 2
1620 1
1621 1
1622 2
1623 2
1624 2
1625 2
1626 2
1627 2
1628 2
1629 1
1630 2
1631 1
1632 1
1633 2
1634 2
1635 2
1636 1
1637 1
1638 2
1639 2
1640 2
1641 2
1642 2
1643 1
1644 1
1645 2
1646 1
1647 1
1648 1
1649 2
1650 2
1651 2
1652 2
1653 2
1654 2
1655 1
1656 2
1657 2
1658 2
1659 2
1660 2
1661 1
1662 1
1663 1
1664 1
1665 2
1666 1
1667 2
1668 2
1669 2
1670 2
1671 2
1672 2
1673 2
1674 2
1675 1
1676 1
1677 1
1678 2
1679 2
1680 1
1681 2
1682 1
1683 1
1684 1
1685 1
1686 1
1687 1
1688 1
1689 1
1690 1
1691 2
1692 1
1693 1
1694 1
1695 2
1696 2
1697 1
1698 1
1699 1
1700 2
1701 1
1702 2
1703 2
1704 1
1705 1
1706 1
1707 1
1708 2
1709 2
1710 1
1711 2
1712 1
1713 2
1714 2
1715 1
1716 1
1717 1
1718 1
1719 1
1720 1
1721 1
1722 1
1723 1
1724 2
1725 1
1726 2
1727 2
1728 2
1729 1
1730 1
1731 1
1732 1
1733 1
1734 2
1735 2
1736 2
1737 2
1738 1
1739 1
1740 2
1741 2
1742 1
1743 2
1744 2
1745 1
1746 1
1747 2
1748 2
1749 2
1750 2
1751 1
1752 2
1753 2
1754 1
1755 1
1756 1
1757 1
1758 1
1759 2
1760 1
1761 1
1762 2
1763 2
1764 1
1765 2
1766 2
1767 2
1768 1
1769 2
1770 1
1771 1
1772 1
1773 1
1774 1
1775 2
1776 2
1777 2
1778 2
1779 2
1780 2
1781 1
1782 1
1783 1
1784 1
1785 2
1786 2
1787 1
1788 2
1789 2
1790 1
1791 2
1792 2
1793 1
1794 1
1795 2
1796 2
1797 2
1798 1
1799 1
1800 1
1801 1
1802 1
1803 2
1804 2
1805 2
1806 2
1807 1
1808 2
1809 1
1810 2
1811 2
1812 1
1813 2
1814 1
1815 2
1816 2
1817 1
1818 2
1819 1
1820 2
1821 2
1822 2
1823 1
1824 1
1825 1
1826 2
1827 1
1828 2
1829 1
1830 1
1831 1
1832 2
1833 1
1834 1
1835 1
1836 1
1837 2
1838 2
1839 2
1840 1
1841 1
1842 1
1843 1
1844 2
1845 1
1846 1
1847 1
1848 2
1849 1
1850 2
1851 1
1852 2
1853 1
1854 1
1855 2
1856 1
1857 2
1858 2
1859 2
1860 2
1861 1
1862 1
1863 1
1864 2
1865 1
1866 1
1867 1
1868 2
1869 2
1870 2
1871 1
1872 1
1873 2
1874 2
1875 1
1876 1
1877 1
1878 1
1879 1
1880 1
1881 1
1882 2
1883 2
1884 2
1885 2
1886 1
1887 1
1888 1
1889 1
1890 2
1891 1
1892 1
1893 1
1894 2
1895 1
1896 2
1897 1
1898 2
1899 2
1900 1
1901 1
1902 2
1903 2
1904 1
1905 1
1906 2
1907 1
1908 2
1909 1
1910 2
1911 1
1912 1
1913 1
1914 1
1915 2
1916 2
1917 1
1918 1
1919 1
1920 1
1921 2
1922 1
1923 1
1924 1
1925 2
1926 1
1927 1
1928 1
1929 1
1930 1
1931 2
1932 2
1933 1
1934 2
1935 2
1936 2
1937 2
1938 1
1939 2
1940 1
1941 2
1942 1
1943 1
1944 2
1945 2
1946 1
1947 2
1948 2
1949 2
1950 2
1951 2
1952 2
1953 2
1954 1
1955 1
1956 1
1957 1
1958 1
1959 2
1960 1
1961 1
1962 2
1963 1
1964 2
1965 2
1966 1
1967 1
1968 2
1969 1
1970 2
1971 1
1972 2
1973 1
1974 2
1975 2
1976 2
1977 1
1978 2
1979 2
1980 2
1981 2
1982 2
1983 2
1984 2
1985 1
1986 2
1987 2
1988 2
1989 1
1990 1
1991 2
1992 1
1993 2
1994 2
1995 1
1996 2
1997 2
1998 1
1999 1
2000 2
2001 1
2002 2
2003 2
2004 2
2005 2
2006 2
2007 2
2008 2
2009 1
2010 2
2011 2
2012 2
2013 2
2014 2
2015 2
2016 2
2017 2
2018 2
2019 1
2020 1
2021 2
2022 1
2023 2
2024 2
2025 1
2026 2
2027 2
2028 1
2029 2
2030 1
2031 1
2032 1
2033 1
2034 1
2035 1
2036 2
2037 1
2038 2
2039 1
2040 2
2041 1
2042 2
2043 2
2044 2
2045 2
2046 2
2047 2
2048 1
2049 2
2050 1
2051 1
2052 1
2053 2
2054 2
2055 1
2056 2
2057 1
2058 2
2059 2
2060 2
2061 2
2062 2
2063 1
2064 2
2065 1
2066 2
2067 1
2068 2
2069 2
2070 2
2071 1
2072 1
2073 2
2074 2
2075 1
2076 1
2077 1
2078 1
2079 1
2080 1
2081 1
2082 2
2083 2
2084 2
2085 2
2086 1
2087 2
2088 1
2089 1
2090 2
2091 2
2092 1
2093 2
2094 1
2095 2
2096 2
2097 1
2098 2
2099 1
2100 1
2101 2
2102 1
2103 2
2104 2
2105 1
2106 1
2107 2
2108 1
2109 2
2110 1
2111 2
2112 2
2113 1
2114 1
2115 2
2116 1
2117 1
2118 1
2119 1
2120 1
2121 1
2122 2
2123 2
2124 1
2125 1
2126 2
2127 2
2128 1
2129 1
2131 2
2132 1
2133 2
2134 1
2135 2
2136 2
2137 1
2138 2
2139 2
2140 1
2141 2
2142 1
2143 1
2144 1
2145 1
2146 2
2147 1
2148 2
2149 2
2150 1
2151 1
2152 1
2153 2
2154 2
2155 2
2156 2
2157 2
2158 2
2159 2
2160 1
2161 1
2162 1
2163 2
2164 2
2165 2
2166 2
2167 2
2168 1
2169 1
2170 2
2171 1
2172 2
2173 2
2174 2
2175 1
2176 1
2177 2
2178 1
2179 1
2180 1
2181 2
2182 1
2183 1
2184 1
2185 2
2186 2
2187 1
2188 2
2189 2
2190 2
2191 2
2192 1
2193 2
2194 2
2195 2
2196 1
2197 1
2198 2
2199 2
2200 1
2201 1
2202 2
2203 2
2204 1
2205 1
2206 2
2207 1
2208 2
2209 2
2210 1
2211 2
2212 1
2213 2
2214 1
2215 2
2216 1
2217 2
2218 1
2219 2
2220 1
2221 1
2222 2
2223 2
2224 1
2225 1
2226 2
2227 2
2228 2
2229 2
2230 2
2231 2
2232 2
2233 1
2234 2
2235 2
2236 1
2237 2
2238 2
2239 2
2240 1
2241 2
2242 1
2243 2
2244 1
2245 1
2246 2
2247 2
2248 2
2249 2
2250 1
2251 1
2252 1
2253 2
2254 2
2255 1
2256 2
2257 2
2258 2
2259 2
2260 2
2261 1
2262 1
2263 2
2264 2
2265 1
2266 1
2267 1
2268 1
2269 2
2270 2
2271 1
2272 1
2273 1
2274 1
2275 1
2276 1
2277 2
2278 2
2279 1
2280 2
2281 1
2282 1
2283 2
2284 1
2285 1
2286 1
2287 2
2288 2
2289 1
2290 2
2291 1
2292 2
2293 2
2294 2
2295 1
2296 2
2297 2
2298 1
2299 2
2300 2
2301 2
2302 2
2303 1
2304 1
2305 2
2306 2
2307 1
2308 1
2309 1
2310 2
2311 1
2312 1
2313 2
2314 2
2315 1
2316 2
2317 1
2318 2
2319 2
2320 1
2321 2
2322 2
2323 1
2324 1
2325 2
2326 1
2327 2
2328 2
2329 2
2330 1
2331 2
2332 2
2333 2
2334 2
2335 2
2336 1
2337 2
2338 2
2339 1
2340 1
2341 2
2342 2
2343 2
2344 2
2345 1
2346 1
2347 1
2348 1
2349 1
2350 2
2351 2
2352 1
2353 2
2354 2
2355 2
2356 2
2357 1
2358 2
2359 1
2360 1
2361 1
2362 1
2363 2
2364 1
2365 1
2366 2
2367 2
2368 1
2369 2
2370 2
2371 2
2372 1
2373 1
2374 2
2375 2
2376 2
2377 2
2378 1
2379 1
2380 2
2381 2
2382 1
2383 2
2384 1
2385 1
2386 2
2387 2
2388 2
2389 1
2390 2
2391 1
2392 2
2393 2
2394 2
2395 1
2396 2
2397 2
2398 2
2399 2
2400 2
2401 2
2402 1
2403 2
2404 1
2405 2
2406 2
2407 1
2408 1
2409 2
2410 1
2411 1
2412 2
2413 1
2414 1
2415 1
2416 1
2417 1
2418 2
2419 1
2420 2
2421 2
2422 1
2423 2
2424 2
2425 1
2426 1
2427 2
2428 2
2429 1
2430 1
2431 2
2432 2
2433 1
2434 1
2435 1
2436 1
2437 2
2438 2
2439 1
2440 2
2441 1
2442 2
2443 2
2444 1
2445 2
2446 1
2447 2
2448 1
2449 2
2450 2
2451 2
2452 2
2453 1
2454 2
2455 1
2456 2
2457 1
2458 1
2459 1
2460 1
2461 2
2462 1
2463 2
2464 2
2465 2
2466 2
2467 2
2468 1
2469 1
2470 1
2471 1
2472 1
2473 1
2474 1
2475 2
2476 2
2477 1
2478 1
2479 2
2480 2
2481 1
2482 2
2483 2
2484 1
2485 1
2486 1
2487 2
2488 2
2489 2
2490 2
2491 1
2492 2
2493 1
2494 1
2495 2
2496 1
2497 1
2498 1
2499 1
2500 1
2501 2
2502 2
2503 2
2504 1
2505 2
2506 2
2507 1
2508 2
2509 2
2510 2
2511 2
2512 1
2513 2
2514 1
2515 2
2516 2
2517 2
2518 2
2519 2
2520 2
2521 1
2522 2
2523 2
2524 2
2525 2
2526 2
2527 1
2528 1
2529 2
2530 1
2531 2
2532 1
2533 1
2534 2
2535 1
2536 2
2537 1
2538 1
2539 1
2540 1
2541 2
2542 2
2543 2
2544 2
2545 1
2546 2
2547 2
2548 2
2549 2
2550 2
2551 2
2552 2
2553 2
2554 2
2555 2
2556 2
2557 2
2558 1
2559 2
2560 2
2561 1
2562 1
2563 2
2564 1
2565 1
2566 2
2567 1
2568 2
2569 2
2570 2
2571 2
2572 2
2573 2
2574 2
2575 1
2576 2
2577 2
2578 2
2579 1
2580 1
2581 2
2582 2
2583 1
2584 2
2585 1
2586 2
2587 1
2588 2
2589 2
2590 1
2591 1
2592 1
2593 1
2594 1
2595 1
2596 1
2597 2
2598 2
2599 2
2600 2
2601 1
2602 1
2603 1
2604 2
2605 1
2606 2
2607 1
2608 2
2609 2
2610 2
2611 1
2612 1
2613 2
2614 2
2615 2
2616 1
2617 2
2618 2
2619 2
2620 2
2621 2
2622 2
2623 1
2624 2
2625 2
2626 1
2627 2
2628 2
2629 2
2630 2
2631 2
2632 2
2633 2
2634 2
2635 1
2636 1
2637 2
2638 2
2639 2
2640 2
2641 1
2642 2
2643 2
2644 2
2645 2
2646 2
2647 2
2648 2
2649 2
2650 2
2651 1
2652 1
2653 2
2654 1
2655 2
2656 1
2657 1
2658 2
2659 1
2660 1
2661 1
2662 2
2663 2
2664 2
2665 2
2666 1
2667 2
2668 1
2669 1
2670 2
2671 1
2672 2
2673 1
2674 1
2675 1
2676 1
2677 2
2678 1
2679 2
2680 2
2681 1
2682 2
2683 2
2684 1
2685 2
2686 2
2687 2
2688 2
2689 2
2690 2
2691 1
2692 1
2693 1
2694 2
2695 1
2696 2
2697 2
2698 1
2699 2
2700 2
2701 2
2702 2
2703 2
2704 1
2705 1
2706 1
2707 2
2708 1
2709 1
2710 2
2711 2
2712 2
2713 2
2714 2
2715 1
2716 2
2717 1
2718 2
2719 2
2720 2
2721 2
2722 2
2723 2
2724 2
2725 1
2726 2
2727 2
2728 2
2729 2
2730 2
2731 2
2732 1
2733 2
2734 2
2735 2
2736 2
2737 2
2738 2
2739 1
2740 2
2741 2
2742 2
2743 2
2744 1
2745 2
2746 1
2747 1
2748 2
2749 2
2750 2
2751 2
2752 2
2753 2
2754 1
2755 2
2756 1
2757 2
2758 2
2759 2
2760 2
2761 1
2762 1
2763 2
2764 2
2765 1
2766 2
2767 1
2768 1
2769 2
2770 1
2771 1
2772 2
2773 1
2774 2
2775 2
2776 2
2777 2
2778 1
2779 2
2780 1
2781 2
2782 2
2783 2
2784 1
2785 1
2786 2
2787 2
2788 1
2789 1
2790 1
2791 1
2792 1
2793 2
2794 2
2795 2
2796 1
2797 2
2798 2
2799 2
2800 2
2801 1
2802 1
2803 2
2804 2
2805 2
2806 2
2807 2
2808 2
2809 2
2810 2
2811 2
2812 2
2813 2
2814 2
2815 1
2816 2
2817 2
2818 1
2819 2
2820 2
2821 2
2822 2
2823 2
2824 2
2825 1
2826 1
2827 1
2828 2
2829 2
2830 1
2831 2
2832 2
2833 2
2834 1
2835 2
2836 1
2837 2
2838 2
2839 1
2840 2
2841 2
2842 2
2843 2
2844 1
2845 2
2846 2
2847 1
2848 2
2849 2
2850 2
2851 2
2852 2
2853 1
2854 2
2855 1
2856 1
2857 2
2858 2
2859 2
2860 2
2861 2
2862 2
2863 2
2864 2
2865 2
2866 1
2867 2
2868 1
2869 2
2870 2
2871 2
2872 1
2873 2
2874 2
2875 2
2876 2
2877 1
2878 2
2879 2
2880 2
2881 1
2882 1
2883 2
2884 1
2885 1
2886 2
2887 2
2888 2
2889 2
2890 1
2891 2
2892 1
2893 1
2894 2
2895 2
2896 1
2897 1
2898 1
2899 1
2900 2
2901 2
2902 1
2903 2
2904 1
2905 1
2906 1
2907 1
2908 2
2909 2
2910 2
2911 1
2912 2
2913 1
2914 2
2915 2
2916 2
2917 2
2918 2
2919 2
2920 2
2921 2
2922 2
2923 2
2924 1
2925 2
2926 2
2927 2
2928 1
2929 1
2930 1
2931 2
2932 1
2933 2
2934 1
2935 1
2936 2
2937 1
2938 2
2939 2
2940 2
2941 2
2942 1
2943 2
2944 2
2945 2
2946 2
2947 2
2948 2
2949 1
2950 2
2951 1
2952 1
2953 1
2954 2
2955 2
2956 2
2957 2
2958 2
2959 2
2960 2
2961 2
2962 1
2963 2
2964 1
2965 2
2966 2
2967 2
2968 2
2969 2
2970 1
2971 2
2972 1
2973 1
2974 1
2975 2
2976 2
2977 1
2978 1
2979 2
2980 2
2981 1
2982 1
2983 1
2984 2
2985 2
2986 2
2987 2
2988 2
2989 1
2990 2
2991 1
2992 2
2993 1
2994 2
2995 2
2996 1
2997 1
2998 1
2999 2
3000 1
3001 1
3002 2
3003 2
3004 2
3005 1
3006 2
3007 2
3008 2
3009 2
3010 1
3011 1
3012 2
3013 2
3014 2
3015 2
3016 2
3017 1
3018 2
3019 1
3020 2
3021 2
3022 2
3023 1
3024 1
3025 2
3026 1
3027 1
3028 2
3029 2
3030 1
3031 1
3032 1
3033 2
3034 1
3035 2
3036 1
3037 2
3038 2
3039 1
3040 2
3041 1
3042 2
3043 1
3044 1
3045 2
3046 1
3047 2
3048 2
3049 2
3050 1
3051 1
3052 2
3053 2
3054 1
3055 1
3056 1
3057 1
3058 1
3059 1
3060 1
3061 2
3062 2
3063 2
3064 1
3065 2
3066 2
3067 1
3068 1
3069 1
3070 2
3071 2
3072 2
3073 2
3074 1
3075 1
3076 2
3077 2
3078 1
3079 1
3080 1
3081 2
3082 1
3083 1
3084 1
3085 1
3086 2
3087 1
3088 2
3089 1
3090 1
3091 1
3092 1
3093 1
3094 2
3095 2
3096 2
3097 1
3098 2
3099 1
3100 2
3101 1
3102 1
3103 2
3104 1
3105 2
3106 1
3107 2
3108 1
3109 2
3110 1
3111 2
3112 2
3113 2
3114 2
3115 1
3116 1
3117 1
3118 2
3119 2
3120 1
3121 2
3122 1
3123 1
3124 1
3125 2
3126 2
3127 2
3128 2
3129 1
3130 2
3131 1
3132 2
3133 2
3134 2
3135 2
3136 1
3137 1
3138 1
3139 1
3140 1
3141 1
3142 1
3143 1
3144 2
3145 2
3146 1
3147 1
3148 1
3149 1
3150 2
3151 2
3152 1
3153 1
3154 2
3155 1
3156 2
3157 1
3158 1
3159 2
3160 1
3161 1
3162 1
3163 2
3164 1
3165 1
3166 1
3167 2
3168 1
3169 1
3170 2
3171 1
3172 2
3173 1
3174 2
3175 1
3176 1
3177 1
3178 1
3179 2
3180 2
3181 2
3182 1
3183 1
3184 1
3185 2
3186 2
3187 2
3188 1
3189 2
3190 1
3191 2
3192 1
3193 1
3194 1
3195 2
3196 2
3197 2
3198 2
3199 2
3200 2
3201 1
3202 1
3203 2
3204 2
3205 2
3206 1
3207 1
3208 1
3209 1
3210 2
3211 2
3212 2
3213 1
3214 2
3215 1
3216 1
3217 2
3218 1
3219 1
3220 1
3221 2
3222 2
3223 2
3224 1
3225 2
3226 2
3227 2
3228 1
3229 1
3230 1
3231 2
3232 2
3233 1
3234 1
3235 1
3236 1
3237 1
3238 1
3239 1
3240 2
3241 1
3242 1
3243 1
3244 1
3245 2
3246 1
3247 1
3248 1
3249 2
3250 1
3251 2
3252 1
3253 2
3254 2
3255 1
3256 2
3257 1
3258 1
3259 1
3260 1
3261 2
3262 1
3263 2
3264 2
3265 2
3266 2
3267 2
3268 1
3269 1
3270 1
3271 1
3272 2
3273 2
3274 2
3275 1
3276 1
3277 1
3278 2
3279 2
3280 2
3281 2
3282 2
3283 2
3284 1
3285 2
3286 1
3287 1
3288 2
3289 2
3290 1
3291 2
3292 2
3293 1
3294 2
3295 2
3296 1
3297 1
3298 1
3299 1
3300 1
3301 2
3302 2
3303 1
3304 2
3305 1
3306 2
3307 1
3308 1
3309 1
3310 2
3311 1
3312 2
3313 2
3314 1
3315 1
3316 1
3317 2
3318 1
3319 2
3320 1
3321 1
3322 1
3323 2
3324 1
3325 2
3326 2
3327 2
3328 2
3329 1
3330 2
3331 1
3332 1
3333 2
3334 1
3335 1
3336 2
3337 2
3338 1
3339 1
3340 2
3341 2
3342 1
3343 1
3344 1
3345 2
3346 2
3347 1
3348 1
3349 1
3350 1
3351 1
3352 2
3353 2
3354 1
3355 2
3356 1
3357 2
3358 2
3359 2
3360 2
3361 2
3362 1
3363 2
3364 2
3365 1
3366 1
3367 2
3368 1
3369 1
3370 1
3371 2
3372 2
3373 2
3374 1
3375 1
3376 1
3377 2
3378 1
3379 2
3380 2
3381 1
3382 2
3383 2
3384 1
3385 2
3386 2
3387 2
3388 2
3389 2
3390 2
3391 1
3392 1
3393 1
3394 2
3395 1
3396 2
3397 1
3398 2
3399 1
3400 2
3401 1
3402 1
3403 1
3404 2
3405 1
3406 1
3407 1
3408 1
3409 1
3410 2
3411 2
3412 2
3413 2
3414 1
3415 2
3416 1
3417 1
3418 1
3419 1
3420 1
3421 2
3422 1
3423 2
3424 1
3425 2
3426 2
3427 1
3428 2
3429 2
3430 2
3431 2
3432 2
3433 1
3434 2
3435 2
3436 1
3437 2
3438 1
3439 2
3440 2
3441 2
3442 1
3443 2
3444 2
3445 1
3446 1
3447 2
3448 2
3449 2
3450 2
3451 1
3452 1
3453 1
3454 2
3455 1
3456 1
3457 2
3458 2
3459 1
3460 2
3461 1
3462 2
3463 2
3464 2
3465 2
3466 2
3467 1
3468 2
3469 2
3470 1
3471 2
3472 2
3473 2
3474 2
3475 2
3476 2
3477 1
3478 1
3479 2
3480 2
3481 2
3482 1
3483 1
3484 1
3485 2
3486 1
3487 1
3488 1
3489 1
3490 1
3491 2
3492 1
3493 2
3494 2
3495 1
3496 2
3497 2
3498 2
3499 2
3500 1
3501 1
3502 2
3503 2
3504 2
3505 2
3506 2
3507 1
3508 1
3509 1
3510 2
3511 1
3512 1
3513 1
3514 1
3515 2
3516 1
3517 1
3518 1
3519 2
3520 1
3521 2
3522 1
3523 2
3524 2
3525 2
3526 2
3527 2
3528 1
3529 1
3530 1
3531 1
3532 1
3533 1
3534 2
3535 2
3536 1
3537 1
3538 1
3539 1
3540 2
3541 2
3542 2
3543 2
3544 2
3545 1
3546 2
3547 2
3548 2
3549 2
3550 1
3551 1
3552 1
3553 1
3554 1
3555 2
3556 1
3557 1
3558 1
3559 1
3560 1
3561 1
3562 2
3563 1
3564 2
3565 1
3566 1
3567 1
3568 2
3569 1
3570 1
3571 1
3572 1
3573 1
3574 1
3575 1
3576 1
3577 2
3578 1
3579 2
3580 1
3581 2
3582 1
3583 1
3584 1
3585 1
3586 2
3587 2
3588 1
3589 2
3590 1
3591 2
3592 1
3593 1
3594 2
3595 2
3596 1
3597 2
3598 1
3599 2
3600 2
3601 1
3602 1
3603 1
3604 2
3605 2
3606 1
3607 1
3608 1
3609 2
3610 2
3611 1
3612 1
3613 1
3614 2
3615 1
3616 2
3617 1
3618 2
3619 1
3620 1
3621 2
3622 2
3623 2
3624 2
3625 1
3626 2
3627 2
3628 2
3629 2
3630 2
3631 2
3632 2
3633 2
3634 1
3635 1
3636 1
3637 2
3638 2
3639 1
3640 2
3641 2
3642 1
3643 1
3644 1
3645 1
3646 2
3647 2
3648 2
3649 1
3650 1
3651 2
3652 2
3653 2
3654 1
3655 1
3656 2
3657 1
3658 1
3659 2
3660 2
3661 2
3662 2
3663 1
3664 2
3665 1
3666 2
3667 1
3668 1
3669 2
3670 1
3671 2
3672 1
3673 2
3674 1
3675 1
3676 1
3677 2
3678 2
3679 2
3680 2
3681 2
3682 2
3683 1
3684 1
3685 1
3686 2
3687 1
3688 1
3689 1
3690 1
3691 1
3692 1
3693 2
3694 1
3695 1
3696 2
3697 2
3698 2
3699 1
3700 2
3701 2
3702 1
3703 1
3704 1
3705 1
3706 2
3707 1
3708 2
3709 1
3710 1
3711 1
3712 2
3713 1
3714 2
3715 1
3716 1
3717 1
3718 1
3719 2
3720 1
3721 2
3722 1
3723 2
3724 1
3725 1
3726 2
3727 1
3728 2
3729 2
3730 2
3731 1
3732 1
3733 1
3734 1
3735 2
3736 2
3737 2
3738 1
3739 1
3740 2
3741 1
3742 1
3743 2
3744 2
3745 1
3746 2
3747 2
3748 1
3749 2
3750 1
3751 2
3752 2
3753 2
3754 1
3755 2
3756 1
3757 2
3758 1
3759 2
3760 2
3761 2
3762 1
3763 1
3764 1
3765 2
3766 2
3767 2
3768 2
3769 1
3770 2
3771 2
3772 1
3773 1
3774 2
3775 2
3776 1
3777 2
3778 2
3779 2
3780 1
3781 1
3782 1
3783 2
3784 1
3785 2
3786 2
3787 2
3788 2
3789 2
3790 2
3791 1
3792 2
3793 2
3794 2
3795 2
3796 2
3797 2
3798 1
3799 2
3800 1
3801 2
3802 1
3803 2
3804 2
3805 1
3806 1
3807 2
3808 1
3809 1
3810 1
3811 2
3812 1
3813 2
3814 2
3815 2
3816 1
3817 1
3818 2
3819 1
3820 2
3821 1
3822 1
3823 1
3824 1
3825 1
3826 1
3827 2
3828 2
3829 1
3830 1
3831 1
3832 2
3833 1
3834 2
3835 1
3836 1
3837 1
3838 2
3839 2
3840 2
3841 2
3842 1
3843 1
3844 2
3845 1
3846 2
3847 1
3848 1
3849 2
3850 2
3851 1
3852 1
3853 2
3854 1
3855 1
3856 2
3857 2
3858 1
3859 1
3860 2
3861 1
3862 2
3863 2
3864 1
3865 1
3866 1
3867 1
3868 1
3869 2
3870 1
3871 1
3872 2
3873 2
3874 1
3875 2
3876 1
3877 2
3878 2
3879 2
3880 1
3881 2
3882 2
3883 2
3884 2
3885 2
3886 1
3887 2
3888 2
3889 1
3890 2
3891 2
3892 2
3893 1
3894 2
3895 1
3896 1
3897 1
3898 1
3899 1
3900 1
3901 2
3902 2
3903 2
3904 2
3905 2
3906 1
3907 2
3908 1
3909 1
3910 1
3911 1
3912 2
3913 1
3914 1
3915 2
3916 1
3917 2
3918 1
3919 1
3920 2
3921 1
3922 1
3923 1
3924 2
3925 2
3926 1
3927 2
3928 1
3929 2
3930 1
3931 2
3932 1
3933 1
3934 2
3935 1
3936 1
3937 2
3938 2
3939 2
3940 2
3941 1
3942 2
3943 2
3944 2
3945 2
3946 2
3947 2
3948 2
3949 2
3950 1
3951 1
3952 1
3953 1
3954 1
3955 2
3956 1
3957 2
3958 1
3959 2
3960 1
3961 1
3962 2
3963 2
3964 1
3965 1
3966 2
3967 1
3968 2
3969 1
3970 1
3971 1
3972 2
3973 2
3974 1
3975 2
3976 2
3977 1
3978 1
3979 2
3980 1
3981 2
3982 1
3983 2
3984 1
3985 1
3986 2
3987 1
3988 2
3989 1
3990 1
3991 1
3992 2
3993 1
3994 1
3995 2
3996 1
3997 1
3998 2
3999 2
4000 1
4001 2
4002 2
4003 2
4004 1
4005 1
4006 2
4007 1
4008 2
4009 1
4010 1
4011 1
4012 2
4013 2
4014 2
4015 2
4016 2
4017 2
4018 1
4019 2
4020 2
4021 2
4022 2
4023 2
4024 1
4025 2
4026 1
4027 1
4028 1
4029 2
4030 2
4031 1
4032 2
4033 2
4034 1
4035 2
4036 2
4037 1
4038 1
4039 2
4040 1
4041 2
4042 1
4043 2
4044 2
4045 1
4046 2
4047 2
4048 2
4049 1
4050 2
4051 2
4052 2
4053 1
4054 2
4055 1
4056 2
4057 1
4058 1
4059 2
4060 2
4061 1
4062 1
4063 2
4064 2
4065 2
4066 2
4067 1
4068 1
4069 1
4070 1
4071 2
4072 2
4073 2
4074 1
4075 1
4076 2
4077 2
4078 2
4079 2
4080 1
4081 2
4082 2
4083 2
4084 1
4085 1
4086 2
4087 2
4088 2
4089 1
4090 2
4091 1
4092 2
4093 1
4094 1
4095 2
4096 1
4097 2
4098 1
4099 2
4100 1
4101 2
4102 2
4103 1
4104 2
4105 2
4106 1
4107 2
4108 2
4109 2
4110 2
4111 1
4112 2
4113 2
4114 2
4115 1
4116 1
4117 1
4118 2
4119 2
4120 2
4121 1
4122 1
4123 2
4124 2
4125 2
4126 2
4127 1
4128 2
4129 2
4130 1
4131 2
4132 2
4133 2
4134 2
4135 1
4136 2
4137 2
4138 2
4139 1
4140 2
4141 2
4142 2
4143 2
4144 2
4145 2
4146 2
4147 1
4148 1
4149 2
4150 2
4151 1
4152 2
4153 1
4154 2
4155 1
4156 2
4157 2
4158 1
4159 2
4160 2
4161 1
4162 2
4163 1
4164 1
4165 2
4166 2
4167 2
4168 1
4169 1
4170 1
4171 1
4172 1
4173 1
4174 1
4175 1
4176 2
4177 2
4178 2
4179 2
4180 1
4181 2
4182 2
4183 1
4184 1
4185 1
4186 2
4187 1
4188 2
4189 2
4190 2
4192 1
4193 2
4194 2
4195 2
4196 1
4197 1
4198 1
4199 2
4200 1
4201 1
4202 2
4203 2
4204 2
4205 1
4206 1
4207 1
4208 2
4209 2
4210 2
4211 1
4212 1
4213 2
4214 1
4215 2
4216 2
4217 2
4218 2
4219 2
4220 2
4221 2
4222 1
4223 1
4224 2
4225 2
4226 2
4227 2
4228 1
4229 1
4230 2
4231 2
4232 2
4233 2
4234 2
4235 2
4236 1
4237 2
4238 2
4239 1
4240 2
4241 2
4242 2
4243 2
4244 2
4245 2
4246 2
4247 2
4248 2
4249 2
4250 1
4251 1
4252 2
4253 2
4254 2
4255 1
4256 1
4257 1
4258 2
4259 2
4260 2
4261 1
4262 1
4263 2
4264 1
4265 1
4266 2
4267 2
4268 2
4269 1
4270 2
4271 2
4272 1
4273 1
4274 1
4275 1
4276 2
4277 2
4278 2
4279 1
4280 1
4281 1
4282 1
4283 2
4284 1
4285 1
4286 1
4287 2
4288 1
4289 1
4290 1
4291 2
4292 1
4293 1
4294 2
4295 2
4296 2
4297 2
4298 2
4299 2
4300 1
4301 2
4302 1
4303 2
4304 2
4305 2
4306 1
4307 1
4308 1
4309 2
4310 1
4311 1
4312 2
4313 1
4314 1
4315 2
4316 2
4317 2
4318 1
4319 1
4320 2
4321 2
4322 1
4323 2
4324 1
4325 2
4326 1
4327 2
4328 2
4329 2
4330 1
4331 2
4332 2
4333 1
4334 2
4335 2
4336 1
4337 2
4338 2
4339 2
4340 2
4341 2
4342 2
4343 2
4344 2
4345 2
4346 2
4347 1
4348 2
4349 2
4350 2
4351 1
4352 2
4353 2
4354 2
4355 1
4356 2
4357 2
4358 2
4359 1
4360 2
4361 2
4362 1
4363 2
4364 2
4365 1
4366 2
4367 2
4368 1
4369 1
4370 2
4371 2
4372 2
4373 2
4374 1
4375 2
4376 2
4377 2
4378 2
4379 2
4380 2
4381 2
4382 2
4383 2
4384 2
4385 2
4386 2
4387 2
4388 2
4389 2
4390 2
4391 2
4392 2
4393 2
4394 2
4395 2
4396 2
4397 2
4398 2
4399 1
4400 1
4401 1
4402 2
4403 1
4404 2
4405 2
4406 1
4407 2
4408 2
4409 2
4410 1
4411 1
4412 2
4413 2
4414 2
4415 1
4416 2
4417 2
4418 2
4419 2
4420 2
4421 2
4422 2
4423 2
4424 2
4425 2
4426 1
4427 2
4428 2
4429 2
4430 1
4431 2
4432 1
4433 1
4434 1
4435 2
4436 2
4437 2
4438 2
4439 2
4440 1
4441 2
4442 2
4443 2
4444 2
4445 1
4446 1
4447 2
4448 2
4449 1
4450 2
4451 2
4452 2
4453 2
4454 1
4455 1
4456 2
4457 2
4458 2
4459 1
4460 2
4461 2
4462 1
4463 1
4464 1
4465 1
4466 2
4467 2
4468 1
4469 1
4470 2
4471 1
4472 1
4473 1
4474 1
4475 1
4476 2
4477 1
4478 2
4479 2
4480 1
4481 2
4482 2
4483 2
4484 2
4485 1
4486 2
4487 2
4488 2
4489 1
4490 2
4491 2
4492 2
4493 2
4494 2
4495 1
4496 2
4497 1
4498 1
4499 1
4500 2
4501 1
4502 1
4503 1
4504 2
4505 2
4506 2
4507 2
4508 2
4509 1
4510 2
4511 1
4512 2
4513 2
4514 2
4515 1
4516 2
4517 2
4518 2
4519 1
4520 1
4521 1
4522 1
4523 2
4524 2
4525 1
4526 2
4527 2
4528 2
4529 1
4530 2
4531 2
4532 1
4533 2
4534 2
4535 2
4536 1
4537 1
4538 1
4539 2
4540 2
4541 2
4542 1
4543 1
4544 2
4545 1
4546 2
4547 2
4548 1
4549 2
4550 2
4551 1
4552 2
4553 1
4554 2
4555 2
4556 1
4557 2
4558 2
4559 2
4560 1
4561 1
4562 2
4563 2
4564 2
4565 2
4566 2
4567 2
4568 2
4569 2
4570 2
4571 2
4572 2
4573 2
4574 2
4575 1
4576 1
4577 2
4578 1
4579 1
4580 2
4581 2
4582 1
4583 2
4584 1
4585 1
4586 1
4587 1
4588 2
4589 1
4590 1
4591 2
4592 1
4593 2
4594 2
4595 2
4596 2
4597 1
4598 1
4599 1
4600 2
4601 2
4602 2
4603 2
4604 2
4605 2
4606 2
4607 2
4608 2
4609 2
4610 2
4611 2
4612 2
4613 2
4614 2
4615 2
4616 2
4617 1
4618 2
4619 1
4620 2
4621 1
4622 2
4623 1
4624 2
4625 2
4626 2
4627 2
4628 2
4629 2
4630 2
4631 2
4632 1
4633 2
4634 2
4635 2
4636 2
4637 2
4638 2
4639 1
4640 2
4641 2
4642 2
4643 2
4644 2
4645 2
4646 2
4647 2
4648 1
4649 2
4650 2
4651 2
4652 2
4653 2
4654 1
4655 1
4656 2
4657 2
4658 1
4659 2
4660 2
4661 2
4662 1
4663 2
4664 2
4665 1
4666 2
4667 2
4668 2
4669 2
4670 2
4671 2
4672 2
4673 2
4674 2
4675 2
4676 2
4677 2
4678 2
4679 2
4680 2
4681 2
4682 1
4683 2
4684 1
4685 2
4686 2
4687 2
4688 2
4689 2
4690 2
4691 2
4692 2
4693 2
4694 1
4695 2
4696 2
4697 2
4698 2
4699 1
4700 2
4701 2
4702 2
4703 2
4704 2
4705 1
4706 2
4707 2
4708 2
4709 2
4710 1
4711 2
4712 1
4713 1
4714 2
4715 2
4716 2
4717 2
4718 2
4719 2
4720 2
4721 2
4722 2
4723 2
4724 2
4725 2
4726 2
4727 2
4728 2
4729 2
4730 2
4731 2
4732 2
4733 2
4734 2
4735 2
4736 2
4737 2
4738 1
4739 1
4740 2
4741 2
4742 2
4743 2
4744 2
4745 2
4746 2
4747 2
4748 2
4749 1
4750 2
4751 2
4752 2
4753 2
4754 2
4755 2
4756 2
4757 2
4758 1
4759 2
4760 1
4761 1
4762 2
4763 2
4764 2
4765 2
4766 2
4767 1
4768 1
4769 2
4770 2
4771 2
4772 2
4773 2
4774 2
4775 2
4776 2
4777 2
4778 2
4779 1
4780 1
4781 1
4782 2
4783 2
4784 2
4785 2
4786 2
4787 1
4788 1
4789 2
4790 2
4791 2
4792 2
4793 1
4794 2
4795 2
4796 2
4797 2
4798 2
4799 2
4800 1
4801 2
4802 1
4803 2
4804 2
4805 1
4806 1
4807 2
4808 2
4809 2
4810 2
4811 2
4812 1
4813 2
4814 2
4815 1
4816 2
4817 1
4818 1
4819 1
4820 1
4821 2
4822 2
4823 2
4824 2
4825 2
4826 1
4827 2
4828 1
4829 2
4830 2
4831 2
4832 2
4833 1
4834 2
4835 2
4836 2
4837 2
4838 2
4839 2
4840 2
4841 1
4842 2
4843 1
4844 2
4845 1
4846 2
4847 1
4848 2
4849 1
4850 2
4851 1
4852 2
4853 1
4854 2
4855 2
4856 2
4857 2
4858 1
4859 2
4860 2
4861 1
4862 2
4863 1
4864 1
4865 2
4866 2
4867 1
4868 2
4869 2
4870 1
4871 2
4872 1
4873 2
4874 2
4875 1
4876 2
4877 2
4878 2
4879 2
4880 1
4881 2
4882 2
4883 2
4884 2
4885 2
4886 2
4887 1
4888 1
4889 1
4890 2
4891 1
4892 2
4893 2
4894 2
4895 2
4896 1
4897 1
4898 1
4899 1
4900 2
4901 2
4902 1
4903 1
4904 2
4905 2
4906 2
4907 1
4908 1
4909 1
4910 2
4911 2
4912 2
4913 2
4914 2
4915 1
4916 1
4917 2
4918 2
4919 2
4920 1
4921 2
4922 2
4923 2
4924 1
4925 1
4926 2
4927 1
4928 1
4929 1
4930 1
4931 2
4932 2
4933 1
4934 2
4935 2
4936 2
4937 2
4938 2
4939 2
4940 2
4941 1
4942 2
4943 2
4944 2
4945 2
4946 1
4947 2
4948 1
4949 2
4950 1
4951 2
4952 2
4953 2
4954 2
4955 1
4956 2
4957 2
4958 2
4959 1
4960 2
4961 1
4962 1
4963 1
4964 2
4965 2
4966 2
4967 1
4968 2
4969 2
4970 1
4971 2
4972 1
4973 1
4974 1
4975 2
4976 1
4977 2
4978 2
4979 2
4980 2
4981 2
4982 2
4983 2
4984 1
4985 2
4986 2
4987 1
4988 1
4989 2
4990 2
4991 2
4992 1
4993 1
4994 1
4995 1
4996 2
4997 1
4998 2
4999 1
5000 2
5001 1
5002 2
5003 1
5004 2
5005 2
5006 2
5007 1
5008 2
5009 2
5010 2
5011 1
5012 1
5013 2
5014 2
5015 1
5016 2
5017 2
5018 2
5019 2
5020 2
5021 2
5022 2
5023 1
5024 2
5025 1
5026 1
5027 2
5028 1
5029 2
5030 2
5031 2
5032 1
5033 2
5034 2
5035 2
5036 2
5037 2
5038 2
5039 1
5040 2
5041 2
5042 2
5043 2
5044 1
5045 2
5046 1
5047 2
5048 2
5049 1
5050 2
5051 1
5052 2
5053 1
5054 2
5055 1
5056 2
5057 2
5058 2
5059 2
5060 2
5061 2
5062 2
5063 2
5064 2
5065 2
5066 2
5067 1
5068 1
5069 1
5070 2
5071 2
5072 2
5073 1
5074 1
5075 1
5076 1
5077 2
5078 2
5079 2
5080 1
5081 2
5082 2
5083 1
5084 1
5085 2
5086 2
5087 2
5088 1
5089 2
5090 2
5091 2
5092 1
5093 2
5094 2
5095 1
5096 1
5097 2
5098 1
5099 2
5100 2
5101 1
5102 1
5103 2
5104 2
5105 2
5106 1
5107 1
5108 2
5109 2
5110 2
5111 2
5112 2
5113 1
5114 2
5115 2
5116 2
5117 1
5118 2
5119 2
5120 2
5121 2
5122 1
5123 2
5124 1
5125 1
5126 2
5127 2
5128 1
5129 1
5130 2
5131 2
5132 1
5133 2
5134 2
5135 1
5136 2
5137 1
5138 2
5139 1
5140 2
5141 1
5142 2
5143 2
5144 2
5145 2
5146 1
5147 2
5148 2
5149 1
5150 2
5151 2
5152 2
5153 1
5154 2
5155 2
5156 1
5157 2
5158 2
5159 2
5160 1
5161 1
5162 1
5163 2
5164 1
5165 2
5166 2
5167 1
5168 2
5169 1
5170 1
5171 1
5172 2
5173 1
5174 1
5175 1
5176 2
5177 2
5178 2
5179 1
5180 2
5181 1
5182 2
5183 1
5184 1
5185 2
5186 2
5187 1
5188 2
5189 1
5190 1
5191 2
5192 2
5193 1
5194 2
5195 2
5196 1
5197 2
5198 1
5199 2
5200 2
5201 2
5202 2
5203 2
5204 2
5205 2
5206 1
5207 1
5208 2
5209 2
5210 2
5211 1
5212 2
5213 2
5214 1
5215 1
5216 1
5217 2
5218 2
5219 2
5220 1
5221 1
5222 2
5223 2
5224 2
5225 2
5226 1
5227 1
5228 2
5229 2
5230 2
5231 1
5232 2
5233 1
5234 2
5235 2
5236 1
5237 2
5238 2
5239 1
5240 2
5241 2
5242 2
5243 2
5244 1
5245 1
5246 2
5247 2
5248 2
5249 2
5250 2
5251 2
5252 2
5253 2
5254 2
5255 1
5256 2
5257 2
5258 2
5259 2
5260 2
5261 2
5262 2
5263 2
5264 1
5265 2
5266 2
5267 2
5268 2
5269 2
5270 1
5271 1
5272 2
5273 1
5274 2
5275 2
5276 2
5277 1
5278 2
5279 2
5280 2
5281 2
5282 1
5283 2
5284 2
5285 1
5286 2
5287 2
5288 1
5289 2
5290 2
5291 2
5292 1
5293 2
5294 2
5295 2
5296 2
5297 1
5298 2
5299 2
5300 1
5301 1
5302 2
5303 2
5304 2
5305 1
5306 1
5307 2
5308 2
5309 2
5310 2
5311 2
5312 2
5313 2
5314 1
5315 2
5316 2
5317 1
5318 1
5319 2
5320 2
5321 2
5322 2
5323 2
5324 2
5325 1
5326 1
5327 2
5328 2
5329 1
5330 1
5331 2
5332 2
5333 2
5334 2
5335 1
5336 2
5337 2
5338 2
5339 1
5340 2
5341 2
5342 2
5343 2
5344 1
5345 1
5346 2
5347 2
5348 2
5349 1
5350 1
5351 1
5352 1
5353 2
5354 1
5355 2
5356 2
5357 1
5358 1
5359 2
5360 2
5361 1
5362 1
5363 2
5364 1
5365 2
5366 2
5367 1
5368 1
5369 2
5370 2
5371 2
5372 2
5373 2
5374 2
5375 2
5376 1
5377 1
5378 1
5379 1
5380 2
5381 2
5382 2
5383 1
5384 2
5385 1
5386 1
5387 1
5388 1
5389 2
5390 2
5391 2
5392 2
5393 2
5394 2
5395 2
5396 1
5397 1
5398 1
5399 2
5400 2
5401 2
5402 2
5403 2
5404 1
5405 2
5406 1
5407 2
5408 1
5409 2
5410 2
5411 1
5412 2
5413 2
5414 2
5415 1
5416 2
5417 2
5418 2
5419 2
5420 2
5421 1
5422 1
5423 1
5424 2
5425 2
5426 1
5427 1
5428 1
5429 2
5430 1
5431 2
5432 2
5433 2
5434 1
5435 2
5436 1
5437 1
5438 2
5439 2
5440 1
5441 2
5442 1
5443 2
5444 2
5445 1
5446 1
5447 2
5448 1
5449 1
5450 1
5451 1
5452 1
5453 1
5454 2
5455 2
5456 2
5457 2
5458 1
5459 2
5460 1
5461 2
5462 2
5463 1
5464 2
5465 2
5466 2
5467 2
5468 2
5469 2
5470 1
5471 1
5472 2
5473 2
5474 2
5475 2
5476 2
5477 2
5478 2
5479 1
5480 2
5481 1
5482 1
5483 1
5484 2
5485 2
5486 2
5487 2
5488 2
5489 2
5490 1
5491 1
5492 1
5493 2
5494 1
5495 1
5496 2
5497 2
5498 2
5499 1
5500 2
5501 2
5502 1
5503 1
5504 2
5505 2
5506 2
5507 2
5508 1
5509 1
5510 2
5511 1
5512 2
5513 1
5514 1
5515 2
5516 1
5517 2
5518 1
5519 1
5520 2
5521 2
5522 2
5523 2
5524 2
5525 1
5526 2
5527 2
5528 2
5529 2
5530 1
5531 2
5532 2
5533 2
5534 2
5535 2
5536 2
5537 2
5538 2
5539 2
5540 2
5541 2
5542 2
5543 2
5544 2
5545 2
5546 1
5547 2
5548 2
5549 1
5550 1
5551 2
5552 2
5553 2
5554 1
5555 1
5556 2
5557 2
5558 2
5559 2
5560 2
5561 1
5562 2
5563 1
5564 2
5565 1
5566 1
5567 2
5568 1
5569 2
5570 2
5571 2
5572 2
5573 2
5574 1
5575 1
5576 1
5577 1
5578 1
5579 2
5580 1
5581 1
5582 1
5583 1
5584 2
5585 2
5586 2
5587 2
5588 1
5589 1
5590 2
5591 1
5592 2
5593 2
5594 2
5595 2
5596 2
5597 2
5598 1
5599 1
5600 1
5601 2
5602 2
5603 2
5604 2
5605 2
5606 1
5607 1
5608 1
5609 1
5610 2
5611 2
5612 2
5613 2
5614 1
5615 2
5616 2
5617 2
5618 1
5619 2
5620 2
5621 1
5622 2
5623 1
5624 2
5625 2
5626 2
5627 1
5628 2
5629 2
5630 1
5631 2
5632 1
5633 2
5634 1
5635 1
5636 2
5637 2
5638 2
5639 2
5640 2
5641 2
5642 2
5643 2
5644 1
5645 1
5646 2
5647 2
5648 2
5649 1
5650 1
5651 2
5652 2
5653 2
5654 1
5655 1
5656 1
5657 1
5658 2
5659 2
5660 1
5661 1
5662 1
5663 1
5664 2
5665 1
5666 2
5667 2
5668 1
5669 2
5670 1
5671 2
5672 2
5673 2
5674 2
5675 2
5676 2
5677 2
5678 2
5679 2
5680 2
5681 2
5682 2
5683 2
5684 2
5685 1
5686 1
5687 2
5688 2
5689 2
5690 2
5691 2
5692 2
5693 2
5694 1
5695 2
5696 2
5697 1
5698 2
5699 2
5700 1
5701 1
5702 2
5703 2
5704 2
5705 1
5706 2
5707 2
5708 2
5709 2
5710 2
5711 2
5712 2
5713 2
5714 2
5715 2
5716 2
5717 1
5718 2
5719 2
5720 2
5721 1
5722 2
5723 2
5724 2
5725 2
5726 2
5727 2
5728 2
5729 2
5730 2
5731 1
5732 1
5733 2
5734 2
5735 2
5736 2
5737 2
5738 1
5739 1
5740 2
5741 2
5742 2
5743 2
5744 1
5746 1
5747 1
5748 2
5749 1
5750 2
5751 1
5752 2
5753 1
5754 2
5755 1
5756 2
5757 2
5758 1
5759 2
5760 2
5761 1
5762 2
5763 2
5764 2
5765 2
5766 2
5767 2
5768 1
5769 2
5770 2
5771 1
5772 2
5773 2
5774 2
5775 2
5776 1
5777 2
5778 2
5779 2
5780 1
5781 2
5782 2
5783 2
5784 1
5785 2
5786 2
5787 2
5788 2
5789 1
5790 2
5791 2
5792 2
5793 2
5794 2
5795 2
5796 2
5797 1
5798 1
5799 2
5800 1
5801 2
5802 2
5803 1
5804 2
5805 1
5806 2
5807 2
5808 2
5809 2
5810 1
5811 2
5812 2
5813 1
5814 2
5815 2
5816 2
5817 2
5818 2
5819 2
5820 1
5821 1
5822 2
5823 2
5824 2
5825 1
5826 2
5827 2
5828 2
5829 1
5830 2
5831 2
5832 1
5833 2
5834 1
5835 2
5836 1
5837 2
5838 2
5839 2
5840 2
5841 1
5842 1
5843 2
5844 2
5845 2
5846 1
5847 1
5848 1
5849 2
5850 2
5851 2
5852 2
5853 1
5854 2
5855 1
5856 2
5857 1
5858 2
5859 1
5860 2
5861 2
5862 2
5863 2
5864 2
5865 2
5866 1
5867 1
5868 2
5869 2
5870 1
5871 2
5872 2
5873 1
5874 2
5875 1
5876 2
5877 1
5878 2
5879 1
5880 1
5881 2
5882 2
5883 2
5884 2
5885 1
5886 2
5887 2
5888 2
5889 2
5890 2
5891 1
5892 2
5893 2
5894 2
5895 1
5896 2
5897 2
5898 1
5899 2
5900 2
5901 2
5902 2
5903 1
5904 2
5905 2
5906 2
5907 2
5908 1
5909 2
5910 2
5911 1
5912 1
5913 2
5914 2
5915 2
5916 2
5917 1
5918 2
5919 2
5920 1
5921 1
5922 2
5923 2
5924 2
5925 2
5926 2
5927 2
5928 2
5929 1
5930 1
5931 2
5932 1
5933 1
5934 1
5935 2
5936 2
5937 2
5938 2
5939 2
5940 2
5941 2
5942 2
5943 1
5944 1
5945 2
5946 2
5947 2
5948 1
5949 2
5950 1
5951 2
5952 1
5953 1
5954 2
5955 2
5956 1
5957 2
5958 2
5959 2
5960 2
5961 1
5962 1
5963 2
5964 2
5965 2
5966 2
5967 2
5968 2
5969 1
5970 2
5971 2
5972 2
5973 2
5974 2
5975 1
5976 2
5977 2
5978 2
5979 1
5980 2
5981 2
5982 2
5983 2
5984 1
5985 2
5986 2
5987 2
5988 2
5989 2
5990 1
5991 2
5992 2
5993 2
5994 2
5995 2
