1 1
2 1
3 2
4 1
5 1
6 2
7 1
8 1
9 2
10 2
11 1
12 1
13 2
14 1
15 1
16 1
17 2
18 1
19 2
20 2
21 1
22 1
23 2
24 2
25 2
26 2
27 1
28 1
30 2
31 1
32 1
33 1
34 1
35 2
36 1
37 1
38 2
39 2
40 1
41 1
42 2
43 1
44 2
45 2
46 1
47 1
48 2
49 1
50 1
51 1
52 1
53 2
54 1
55 2
56 1
57 1
58 1
59 1
60 1
61 1
62 1
63 1
64 1
65 1
66 2
67 2
68 1
69 2
70 2
71 1
72 1
73 1
74 1
75 1
76 1
77 2
78 1
79 1
80 1
81 1
82 1
83 1
84 1
85 1
87 2
88 1
89 2
90 2
91 1
92 1
93 1
94 1
95 2
96 1
97 1
98 1
99 2
100 1
101 1
102 1
103 2
104 2
105 1
106 1
107 1
108 1
109 1
110 1
111 1
112 1
113 1
114 1
115 1
116 1
117 1
118 1
119 1
120 1
121 1
122 1
123 2
124 1
125 2
126 2
127 2
128 2
129 2
130 1
131 2
132 2
133 1
134 2
135 2
136 1
137 1
138 2
139 1
140 2
141 1
142 1
143 2
144 1
145 1
146 2
147 2
148 2
149 2
150 2
151 2
152 1
153 2
154 2
155 1
156 2
157 2
158 1
159 1
160 2
161 1
162 2
163 1
164 2
165 2
166 1
167 1
168 1
169 2
170 1
171 1
172 1
173 2
174 1
175 2
176 1
177 2
178 2
179 1
180 1
181 1
182 1
183 1
184 1
185 2
186 1
187 1
188 1
189 1
190 2
191 2
192 2
193 1
194 1
195 2
196 1
197 2
198 1
199 2
200 2
201 2
202 2
203 2
204 1
205 1
206 2
207 2
208 2
209 2
210 1
211 1
212 2
213 2
214 2
215 2
216 2
217 2
218 1
219 2
220 2
221 2
222 2
223 1
224 1
225 2
226 1
227 1
228 1
229 2
230 2
231 2
232 1
233 2
234 1
235 1
236 2
237 1
238 2
239 1
240 1
241 1
242 1
243 2
244 1
245 2
246 1
247 1
248 2
249 1
250 2
251 1
252 2
253 1
254 2
255 2
256 1
257 2
258 1
259 2
260 2
261 2
262 1
263 1
264 2
265 2
267 2
268 1
269 2
270 2
271 2
272 1
273 1
274 1
275 1
276 2
277 2
278 1
279 2
280 2
281 1
282 1
283 1
284 1
285 1
286 2
287 2
289 2
290 1
291 2
292 1
293 1
294 1
295 2
296 1
297 2
298 2
299 2
300 1
301 2
302 2
303 1
304 2
305 2
306 1
307 2
308 1
309 1
310 1
311 1
312 1
313 2
314 1
315 1
316 1
317 2
318 1
319 2
320 1
321 2
322 2
323 1
324 1
325 2
326 1
327 1
328 2
329 2
330 1
331 1
332 2
333 2
334 2
335 1
336 2
337 2
338 2
339 1
340 1
341 1
342 2
343 2
344 2
345 1
346 1
347 1
348 2
349 1
350 2
351 1
352 1
353 2
354 1
355 1
356 2
357 1
358 1
359 1
360 2
361 1
362 1
363 2
364 2
365 2
366 1
367 1
368 1
369 1
370 1
371 2
372 1
373 2
374 1
375 1
376 1
377 2
378 1
379 2
380 1
381 1
382 2
383 2
384 1
385 1
386 2
387 1
388 2
389 1
390 1
391 2
392 1
393 2
394 2
395 1
396 1
397 2
398 2
399 1
400 1
401 2
402 2
403 2
404 1
405 2
406 1
407 2
408 2
409 2
410 1
411 2
412 1
413 1
414 2
415 1
416 2
417 1
418 2
419 1
420 2
421 1
422 2
423 1
424 1
425 2
426 2
427 1
428 1
429 1
430 1
431 1
432 1
433 1
434 1
435 1
436 2
437 2
438 1
439 1
440 1
441 2
442 2
443 2
444 2
445 2
446 2
447 1
448 2
449 1
450 2
451 2
452 2
453 2
454 1
455 1
456 1
457 2
458 2
459 1
460 1
461 2
462 1
463 2
464 1
465 1
466 2
467 2
468 1
469 2
470 2
471 2
472 1
473 2
474 1
475 1
476 2
477 1
478 1
479 1
480 2
481 1
482 1
483 1
484 2
485 1
486 1
487 2
488 2
489 2
490 2
491 2
492 2
493 2
494 1
495 1
496 1
497 1
498 2
499 2
500 1
501 2
502 1
503 2
504 1
505 1
506 1
507 2
508 2
509 1
510 2
511 2
512 1
513 1
514 2
515 2
516 1
517 1
518 1
519 1
520 1
521 1
522 2
523 2
524 2
525 2
526 2
527 2
528 2
529 1
530 2
531 2
532 1
533 1
534 2
535 2
536 2
537 2
538 1
539 1
540 2
541 2
542 2
543 1
544 2
545 1
546 1
547 2
548 1
549 2
550 2
551 1
552 1
553 1
554 1
555 1
556 1
557 1
558 2
559 2
560 2
561 2
562 2
563 1
564 2
565 2
566 2
567 2
568 2
569 1
570 1
571 2
572 2
573 2
574 2
575 1
576 2
577 2
578 2
579 2
580 1
581 2
582 1
583 2
584 2
585 2
586 1
587 2
588 1
589 2
590 2
591 2
592 2
593 1
594 2
595 1
596 1
597 2
598 2
599 1
600 2
601 2
602 2
603 2
604 2
605 2
606 2
607 2
608 2
609 2
610 2
611 2
612 2
613 1
614 2
615 1
616 2
617 2
618 1
619 1
620 2
621 2
622 1
623 1
624 2
625 2
626 1
627 1
628 2
629 2
630 1
631 1
632 1
633 1
634 2
635 2
636 1
637 1
638 1
639 2
640 1
641 2
642 2
643 1
644 1
645 2
646 1
647 2
648 1
649 2
650 2
651 1
652 2
653 2
654 2
655 2
656 2
657 1
658 2
659 2
660 2
661 2
662 2
663 2
664 2
665 1
666 2
667 2
668 2
669 2
670 1
671 2
672 1
673 2
674 2
675 2
676 2
677 2
678 2
679 1
680 2
681 1
682 2
683 2
684 2
685 1
686 2
687 1
688 2
689 2
690 1
691 2
692 1
693 2
694 1
695 1
696 2
697 2
698 1
699 2
700 2
701 1
702 2
703 1
704 1
705 2
706 1
707 2
708 2
709 1
710 2
711 2
712 2
713 2
714 1
715 2
716 2
717 1
718 2
719 1
720 2
721 1
722 2
723 2
724 2
725 2
726 1
727 1
728 2
729 2
730 2
731 1
732 2
733 2
734 2
735 2
736 2
737 2
738 2
739 2
740 2
741 2
742 1
743 2
744 1
745 2
746 1
747 2
748 2
749 2
750 1
751 1
752 2
753 2
754 1
755 2
756 2
757 2
758 2
759 2
760 2
761 1
762 1
763 2
764 2
765 2
766 1
767 2
768 2
769 2
770 2
771 2
772 1
773 1
774 2
775 1
776 2
777 2
778 2
779 2
780 1
781 2
782 2
783 1
784 1
785 1
786 1
787 1
788 1
789 1
790 2
791 1
792 2
793 2
794 2
795 2
796 2
797 2
798 1
799 2
800 2
801 2
802 1
803 1
804 2
805 1
806 2
807 1
808 1
809 2
810 1
811 2
812 2
813 2
814 2
815 2
816 1
817 2
818 2
819 2
820 1
821 2
822 2
823 2
824 2
825 2
826 2
827 1
828 2
829 2
830 2
831 1
832 2
833 2
834 1
835 1
836 2
837 1
838 2
839 1
840 2
841 2
842 1
843 1
844 2
845 2
846 1
847 2
848 1
849 1
850 2
851 2
852 1
853 2
854 2
855 1
856 2
857 1
858 1
859 2
860 2
861 2
862 2
863 2
864 2
865 1
866 1
867 2
868 1
869 1
870 1
871 2
872 1
873 1
874 1
875 2
876 1
877 2
878 2
879 2
880 1
881 2
882 1
883 1
884 2
885 2
886 2
887 2
888 2
889 1
890 2
891 2
892 2
893 1
894 2
895 1
896 1
897 2
898 1
899 2
900 1
901 1
902 1
903 1
904 1
905 2
906 2
907 1
908 1
909 2
910 2
911 1
912 1
913 2
914 1
915 1
916 2
917 2
918 2
919 2
920 2
921 1
922 2
923 1
924 1
925 1
926 2
927 2
928 2
929 2
930 2
931 1
932 2
933 2
934 2
935 1
936 1
937 1
938 2
939 2
940 2
941 1
942 1
943 1
944 2
945 1
946 1
947 2
948 1
949 2
950 1
951 1
952 1
953 1
954 1
955 2
956 2
957 2
958 1
959 1
960 2
961 2
962 2
963 1
964 2
965 1
966 2
967 1
968 2
969 2
970 1
971 1
972 2
973 1
974 2
975 1
976 2
977 1
978 1
979 1
980 1
981 1
982 1
983 2
984 2
985 1
986 1
987 2
988 1
989 2
990 2
991 1
992 1
993 2
994 2
995 2
996 2
997 1
998 1
999 1
1000 1
1001 2
1002 1
1003 2
1004 2
1005 1
1006 2
1007 2
1008 1
1009 1
1010 1
1011 2
1012 2
1013 2
1014 2
1015 1
1016 1
1017 2
1018 1
1019 1
1020 1
1021 2
1022 2
1023 1
1024 1
1025 1
1026 2
1027 2
1028 1
1029 1
1030 1
1031 2
1032 2
1033 1
1034 1
1035 1
1036 2
1037 1
1038 2
1039 1
1040 1
1041 1
1042 2
1043 1
1044 1
1045 2
1046 1
1047 1
1048 2
1049 2
1050 1
1051 1
1052 1
1053 2
1054 1
1055 2
1056 2
1057 2
1058 1
1059 2
1060 2
1061 2
1062 1
1063 2
1064 1
1065 1
1066 2
1067 1
1068 1
1069 1
1070 2
1071 1
1072 2
1073 2
1074 1
1075 2
1076 2
1077 1
1078 1
1079 2
1080 2
1081 1
1082 2
1083 2
1084 2
1085 2
1086 1
1087 2
1088 2
1089 2
1090 1
1091 2
1092 1
1093 2
1094 1
1095 1
1096 1
1097 2
1098 1
1099 1
1100 1
1101 1
1102 2
1103 2
1104 1
1105 2
1106 1
1107 1
1108 2
1109 1
1110 2
1111 1
1112 2
1113 2
1114 1
1115 1
1116 2
1117 1
1118 2
1119 2
1120 1
1121 2
1122 2
1123 1
1124 1
1125 1
1126 1
1127 2
1128 2
1129 2
1130 1
1131 1
1132 2
1133 2
1134 1
1135 2
1136 2
1137 1
1138 2
1139 2
1140 1
1141 1
1142 2
1143 1
1144 2
1145 1
1146 1
1147 1
1148 1
1149 1
1150 1
1151 1
1152 2
1153 2
1154 2
1155 1
1156 1
1157 1
1158 1
1159 2
1160 2
1161 1
1162 1
1163 1
1164 2
1165 1
1166 1
1167 2
1168 1
1169 1
1170 1
1171 1
1172 2
1173 2
1174 1
1175 1
1176 2
1177 1
1178 1
1179 1
1180 2
1181 1
1182 2
1183 1
1184 1
1185 1
1186 2
1187 1
1188 1
1189 2
1190 2
1191 2
1192 2
1193 2
1194 1
1195 2
1196 2
1197 2
1198 1
1199 1
1200 2
1201 1
1202 1
1203 1
1204 1
1205 2
1206 2
1207 1
1208 2
1209 2
1210 2
1211 2
1212 1
1213 2
1214 1
1215 2
1216 2
1217 2
1218 1
1219 2
1220 1
1221 1
1222 2
1223 2
1224 2
1225 1
1226 2
1227 2
1228 1
1229 1
1230 2
1231 2
1232 1
1233 2
1234 2
1235 2
1236 2
1237 2
1238 2
1239 2
1240 1
1241 2
1242 1
1243 1
1244 1
1245 2
1246 2
1247 2
1248 1
1249 1
1250 1
1251 1
1252 2
1253 1
1254 2
1255 2
1256 2
1257 2
1258 1
1259 1
1260 1
1261 1
1262 1
1263 2
1264 2
1265 2
1266 1
1267 2
1268 1
1269 2
1270 2
1271 1
1272 1
1273 1
1274 2
1275 1
1276 2
1277 2
1278 2
1279 1
1280 2
1281 1
1282 2
1283 1
1284 2
1285 1
1286 1
1287 2
1288 2
1289 2
1290 1
1291 1
1292 1
1293 1
1294 1
1295 2
1296 1
1297 2
1298 1
1299 1
1300 2
1301 1
1302 1
1303 2
1304 1
1305 2
1306 1
1307 2
1308 1
1309 2
1310 2
1311 1
1312 2
1313 2
1314 2
1315 1
1316 1
1317 1
1318 1
1319 2
1320 2
1321 2
1322 2
1323 2
1324 1
1325 1
1326 2
1327 1
1328 1
1329 2
1330 2
1331 1
1332 2
1333 2
1334 2
1335 1
1336 1
1337 2
1338 1
1339 2
1340 1
1341 2
1342 1
1343 2
1344 1
1345 1
1346 2
1347 2
1348 2
1349 1
1350 2
1351 2
1352 1
1353 2
1354 1
1355 2
1356 1
1357 1
1358 1
1359 2
1360 1
1361 1
1362 1
1363 1
1364 1
1365 1
1367 1
1368 1
1369 2
1370 2
1371 1
1372 2
1373 1
1374 2
1375 2
1376 2
1377 2
1378 2
1379 2
1380 1
1381 2
1382 1
1383 2
1384 2
1385 1
1386 2
1387 2
1388 1
1389 1
1390 2
1391 1
1392 1
1393 2
1394 2
1395 2
1396 2
1397 2
1398 1
1399 2
1400 1
1401 2
1402 2
1403 2
1404 1
1405 2
1406 2
1407 1
1408 1
1409 2
1410 1
1411 2
1412 1
1413 2
1414 2
1415 1
1416 2
1417 1
1418 1
1419 2
1420 2
1421 2
1422 1
1423 1
1424 1
1425 2
1426 1
1427 2
1428 1
1429 2
1430 1
1431 2
1432 2
1433 2
1434 2
1435 2
1436 2
1437 2
1438 1
1439 2
1440 2
1441 1
1442 1
1443 2
1444 1
1445 1
1446 2
1447 1
1448 2
1449 2
1450 2
1451 2
1452 2
1453 1
1454 1
1455 2
1456 2
1457 1
1458 2
1459 1
1460 2
1461 2
1462 2
1463 2
1464 2
1465 2
1466 2
1467 2
1468 2
1469 2
1470 1
1471 2
1472 2
1473 2
1474 2
1475 2
1476 2
1477 2
1478 1
1479 2
1480 2
1481 2
1482 1
1483 2
1484 2
1485 2
1486 1
1487 1
1488 2
1489 2
1490 1
1491 2
1492 2
1493 1
1494 1
1495 2
1496 2
1497 2
1498 1
1499 2
1500 2
1501 2
1502 1
1503 1
1504 2
1505 2
1506 2
1507 1
1508 2
1509 1
1510 2
1511 2
1512 1
1513 1
1514 2
1515 2
1516 1
1517 1
1518 1
1519 1
1520 2
1521 1
1522 2
1523 1
1524 1
1525 1
1526 1
1527 2
1528 2
1529 2
1530 1
1531 1
1532 1
1533 1
1534 2
1535 2
1536 2
1537 2
1538 1
1539 1
1540 1
1541 2
1542 2
1543 1
1544 2
1545 2
1546 2
1547 1
1548 2
1549 2
1550 2
1551 1
1552 1
1553 1
1554 2
1555 2
1556 2
1557 1
1558 1
1559 2
1560 2
1561 1
1562 1
1563 2
1564 2
1565 1
1566 1
1567 1
1568 1
1569 1
1570 1
1571 1
1572 2
1573 2
1574 2
1575 2
1576 2
1577 2
1578 1
1579 2
1580 1
1581 1
1582 1
1583 2
1584 1
1585 1
1586 1
1587 2
1588 1
1589 1
1590 1
1591 2
1592 2
1593 1
1594 2
1595 2
1596 2
1597 2
1598 2
1599 1
1600 2
1601 1
1602 2
1603 2
1604 2
1605 2
1606 2
1607 2
1608 1
1609 2
1610 2
1611 1
1612 1
1613 1
1614 1
1615 2
1616 2
1617 1
1618 2
1619 2
1620 1
1621 1
1622 2
1623 2
1624 2
1625 2
1626 2
1627 2
1628 2
1629 1
1630 2
1631 1
1632 1
1633 2
1634 2
1635 2
1636 1
1637 1
1638 2
1639 2
1640 2
1641 2
1642 2
1643 1
1644 1
1645 2
1646 1
1647 1
1648 1
1649 2
1650 2
1651 2
1652 2
1653 2
1654 2
1655 1
1656 2
1657 2
1658 2
1659 2
1660 2
1661 1
1662 1
1663 1
1664 1
1665 2
1666 1
1667 2
1668 2
1669 2
1670 2
1671 2
1672 2
1673 2
1674 2
1675 1
1676 1
1677 1
1678 2
1679 2
1680 1
1681 2
1682 1
1683 1
1684 1
1685 1
1686 1
1687 1
1688 1
1689 1
1690 1
1691 2
1692 1
1693 1
1694 1
1695 2
1696 2
1697 1
1698 1
1699 1
1700 2
1701 1
1702 2
1703 2
1704 1
1705 1
1706 1
1707 1
1708 2
1709 2
1710 1
1711 2
1712 1
1713 2
1714 2
1715 1
1716 1
1717 1
1718 1
1719 1
1720 1
1721 1
1722 1
1723 1
1724 2
1725 1
1726 2
1727 2
1728 2
1729 1
1730 1
1731 1
1732 1
1733 1
1734 2
1735 2
1736 2
1737 2
1738 1
1739 1
1740 2
1741 2
1742 1
1743 2
1744 2
1745 1
1746 1
1747 2
1748 2
1749 2
1750 2
1751 1
1752 2
1753 2
1754 1
1755 1
1756 1
1757 1
1758 1
1759 2
1760 1
1761 1
1762 2
1763 2
1764 1
1765 2
1766 2
1767 2
1768 1
1769 2
1770 1
1771 1
1772 1
1773 1
1774 1
1775 2
1776 2
1777 2
1778 2
1779 2
1780 2
1781 1
1782 1
1783 1
1784 1
1785 2
1786 2
1787 1
1788 2
1789 2
1790 1
1791 2
1792 2
1793 1
1794 1
1795 2
1796 2
1797 2
1798 1
1799 1
1800 1
1801 1
1802 1
1803 2
1804 2
1805 2
1806 2
1807 1
1808 2
1809 1
1810 2
1811 2
1812 1
1813 2
1814 1
1815 2
1816 2
1817 1
1818 2
1819 1
1820 2
1821 2
1822 2
1823 1
1824 1
1825 1
1826 2
1827 1
1828 2
1829 1
1830 1
1831 1
1832 2
1833 1
1834 1
1835 1
1836 1
1837 2
1838 2
1839 2
1840 1
1841 1
1842 1
1843 1
1844 2
1845 1
1846 1
1847 1
1848 2
1849 1
1850 2
1851 1
1852 2
1853 1
1854 1
1855 2
1856 1
1857 2
1858 2
1859 2
1860 2
1861 1
1862 1
1863 1
1864 2
1865 1
1866 1
1867 1
1868 2
1869 2
1870 2
1871 1
1872 1
1873 2
1874 2
1875 1
1876 1
1877 1
1878 1
1879 1
1880 1
1881 1
1882 2
1883 2
1884 2
1885 2
1886 1
1887 1
1888 1
1889 1
1890 2
1891 1
1892 1
1893 1
1894 2
1895 1
1896 2
1897 1
1898 2
1899 2
1900 1
1901 1
1902 2
1903 2
1904 1
1905 1
1906 2
1907 1
1908 2
1909 1
1910 2
1911 1
1912 1
1913 1
1914 1
1915 2
1916 2
1917 1
1918 1
1919 1
1920 1
1921 2
1922 1
1923 1
1924 1
1925 2
1926 1
1927 1
1928 1
1929 1
1930 1
1931 2
1932 2
1933 1
1934 2
1935 2
1936 2
1937 2
1938 1
1939 2
1940 1
1941 2
1942 1
1943 1
1944 2
1945 2
1946 1
1947 2
1948 2
1949 2
1950 2
1951 2
1952 2
1953 2
1954 1
1955 1
1956 1
1957 1
1958 1
1959 2
1960 1
1961 1
1962 2
1963 1
1964 2
1965 2
1966 1
1967 1
1968 2
1969 1
1970 2
1971 1
1972 2
1973 1
1974 2
1975 2
1976 2
1977 1
1978 2
1979 2
1980 2
1981 2
1982 2
1983 2
1984 2
1985 1
1986 2
1987 2
1988 2
1989 1
1990 1
1991 2
1992 1
1993 2
1994 2
1995 1
1996 2
1997 2
1998 1
1999 1
2000 2
2001 1
2002 2
2003 2
2004 2
2005 2
2006 2
2007 2
2008 2
2009 1
2010 2
2011 2
2012 2
2013 2
2014 2
2015 2
2016 2
2017 2
2018 2
2019 1
2020 1
2021 2
2022 1
2023 2
2024 2
2025 1
2026 2
2027 2
2028 1
2029 2
2030 1
2031 1
2032 1
2033 1
2034 1
2035 1
2036 2
2037 1
2038 2
2039 1
2040 2
2041 1
2042 2
2043 2
2044 2
2045 2
2046 2
2047 2
2048 1
2049 2
2050 1
2051 1
2052 1
2053 2
2054 2
2055 1
2056 2
2057 1
2058 2
2059 2
2060 2
2061 2
2062 2
2063 1
2064 2
2065 1
2066 2
2067 1
2068 2
2069 2
2070 2
2071 1
2072 1
2074 2
2075 1
2076 1
2077 1
2078 1
2079 1
2080 1
2081 1
2082 2
2083 2
2084 2
2085 2
2086 1
2087 2
2088 1
2089 1
2090 2
2091 2
2092 1
2093 2
2094 1
2095 2
2096 2
2097 1
2098 2
2099 1
2100 1
2101 2
2102 1
2103 2
2104 2
2105 1
2106 1
2107 2
2108 1
2109 2
2110 1
2111 2
2112 2
2113 1
2114 1
2115 2
2116 1
2117 1
2118 1
2119 1
2120 1
2121 1
2122 2
2123 2
2124 1
2125 1
2126 2
2127 2
2128 1
2129 1
2131 2
2132 1
2133 2
2134 1
2135 2
2136 2
2137 1
2138 2
2139 2
2140 1
2141 2
2142 1
2143 1
2144 1
2145 1
2146 2
2147 1
2148 2
2149 2
2150 1
2151 1
2152 1
2153 2
2154 2
2155 2
2156 2
2157 2
2158 2
2159 2
2160 1
2161 1
2162 1
2163 2
2164 2
2165 2
2166 2
2167 2
2168 1
2169 1
2170 2
2171 1
2172 2
2173 2
2174 2
2175 1
2176 1
2177 2
2178 1
2179 1
2180 1
2181 2
2182 1
2183 1
2184 1
2185 2
2186 2
2187 1
2188 2
2189 2
2190 2
2191 2
2192 1
2193 2
2194 2
2195 2
2196 1
2197 1
2198 2
2199 2
2200 1
2201 1
2202 2
2203 2
2204 1
2205 1
2206 2
2207 1
2208 2
2209 2
2210 1
2211 2
2212 1
2213 2
2214 1
2215 2
2216 1
2217 2
2218 1
2219 2
2220 1
2221 1
2222 2
2223 2
2224 1
2225 1
2226 2
2227 2
2228 2
2229 2
2230 2
2231 2
2232 2
2233 1
2234 2
2235 2
2236 1
2237 2
2238 2
2239 2
2240 1
2241 2
2242 1
2243 2
2244 1
2245 1
2246 2
2247 2
2248 2
2249 2
2250 1
2251 1
2252 1
2253 2
2254 2
2255 1
