1 1
2 2
3 1
4 1
6 2
8 2
9 2
10 1
11 2
12 1
13 1
14 2
16 1
17 2
18 2
21 1
22 1
24 1
25 2
26 1
27 2
28 2
29 2
30 1
31 2
33 1
34 1
36 2
37 2
38 2
39 2
40 2
41 2
42 2
43 1
44 1
46 1
47 1
48 1
50 1
51 1
52 1
54 1
55 1
56 2
57 2
58 1
59 1
60 1
61 1
62 2
64 1
65 1
66 1
68 1
69 2
70 1
72 2
73 1
75 1
76 1
77 2
78 2
79 2
80 1
81 2
83 1
84 1
86 1
88 1
90 1
92 2
93 1
94 1
95 2
97 1
98 1
99 1
101 1
102 1
103 1
104 1
105 1
106 1
107 1
108 1
109 1
110 2
111 1
112 2
113 1
114 1
115 2
116 2
117 1
118 1
119 2
120 2
121 1
122 1
123 2
124 2
126 1
127 2
128 2
129 2
130 2
131 1
132 1
134 2
135 2
136 2
137 1
140 1
141 2
142 2
143 1
144 2
145 1
146 2
148 1
149 1
150 2
151 1
153 1
154 1
155 2
156 1
157 1
158 2
159 1
160 1
161 1
162 1
163 1
164 1
165 1
166 2
167 1
168 1
169 1
170 1
171 2
172 1
173 2
174 1
175 1
176 1
177 1
178 1
179 1
180 2
181 1
182 2
183 1
184 1
185 1
186 2
187 1
188 2
189 1
190 1
191 2
192 1
193 2
194 1
195 2
196 2
197 1
198 1
199 2
200 1
201 1
202 2
203 1
204 2
205 2
206 1
207 2
208 1
209 1
210 2
211 1
212 1
213 1
214 1
215 2
216 1
217 1
218 2
219 1
220 2
221 2
222 1
223 2
224 1
225 1
226 1
227 1
228 2
229 2
230 1
231 1
232 1
233 2
234 1
235 1
236 1
237 1
238 1
239 1
240 1
241 1
242 1
243 1
244 2
245 1
246 2
247 1
248 2
249 1
250 1
251 1
252 1
253 2
254 2
255 1
256 1
257 2
258 1
259 1
260 1
261 1
263 1
264 1
266 2
267 1
268 1
269 1
270 1
272 1
273 1
274 1
275 1
276 1
277 2
278 2
279 1
280 2
281 1
282 1
283 1
284 1
285 2
286 1
287 1
288 2
289 2
290 2
291 2
292 2
293 2
294 2
295 1
296 2
297 1
298 1
299 1
300 1
301 1
302 1
303 2
304 1
305 1
306 1
307 2
308 2
309 1
310 2
311 1
312 2
313 2
314 1
315 2
316 1
317 1
318 1
319 1
321 2
323 1
324 1
325 2
326 1
327 1
328 1
329 1
331 1
332 2
333 1
334 1
335 1
336 2
337 1
338 1
339 2
340 2
341 1
343 2
344 1
345 2
346 1
347 1
348 2
349 2
350 1
351 1
352 2
353 1
354 2
355 2
356 1
357 1
358 2
360 1
361 2
362 1
363 2
364 2
367 1
368 1
369 1
370 2
371 1
372 1
373 2
374 2
375 1
376 2
377 2
378 2
379 1
380 2
381 2
382 2
383 1
384 2
385 1
387 1
388 2
390 2
391 2
392 1
396 1
397 2
399 1
401 2
402 1
403 2
404 2
405 1
406 2
407 1
409 2
410 2
411 2
412 2
413 2
414 1
415 1
416 2
417 2
419 1
420 1
421 2
422 2
423 1
424 2
425 2
426 1
427 1
428 1
429 1
430 1
431 2
432 1
433 2
434 2
435 2
436 1
438 1
439 1
440 1
441 1
442 2
444 1
445 1
446 1
447 2
448 2
449 2
450 2
451 1
452 1
453 1
454 2
455 2
457 2
458 1
459 2
460 2
461 1
462 2
463 1
464 2
465 2
466 2
467 2
468 2
469 1
470 1
471 1
472 2
473 2
474 1
475 1
476 1
477 2
478 1
479 2
480 1
481 2
482 1
483 1
484 2
486 2
487 1
488 2
489 1
490 2
491 1
492 2
493 2
494 2
495 2
496 2
498 1
499 1
500 2
501 2
502 1
503 2
504 1
505 1
506 2
507 2
509 1
510 1
511 1
512 1
513 2
514 2
515 2
516 2
517 1
518 2
519 1
520 1
521 2
522 1
523 1
524 2
525 2
526 2
527 1
528 1
529 1
530 1
531 2
532 2
533 1
534 2
535 2
536 2
537 1
538 1
539 2
540 2
541 2
542 1
543 1
544 2
545 2
546 2
548 1
549 2
550 2
551 2
552 1
553 2
554 1
555 2
556 2
557 2
558 1
559 2
560 2
561 1
562 2
563 2
564 1
565 1
566 2
567 2
568 2
569 1
570 2
571 1
572 1
573 1
574 2
576 1
577 1
578 1
579 2
580 1
581 2
582 2
584 2
585 2
586 2
587 1
588 2
589 1
590 1
591 2
592 1
593 1
594 2
595 2
596 1
597 1
598 2
599 1
600 1
601 1
603 1
604 2
605 1
606 1
607 1
608 2
609 1
610 2
611 1
612 2
613 2
614 2
615 1
616 2
617 2
618 2
619 2
620 1
622 1
623 2
624 1
625 2
626 2
627 1
628 2
629 1
630 2
631 1
632 1
633 2
634 2
635 2
636 1
637 2
638 1
639 1
640 2
641 1
642 1
643 2
644 2
645 2
646 2
647 1
648 1
649 1
650 2
651 2
652 1
653 1
654 2
655 1
656 1
657 2
658 1
659 1
660 2
661 2
662 1
663 2
664 1
665 2
666 2
667 2
668 2
669 2
670 2
671 2
672 1
673 1
674 1
675 2
676 2
677 2
678 2
679 1
681 2
682 2
683 2
684 1
685 2
686 2
687 1
688 2
689 2
690 2
691 2
692 1
693 1
694 2
695 2
696 1
697 2
698 2
699 2
700 1
701 2
702 1
703 2
704 2
705 2
706 1
707 2
708 2
709 1
710 1
711 1
712 1
713 1
714 2
715 1
716 1
718 2
719 2
720 2
721 1
722 2
723 2
724 2
725 2
726 1
727 1
728 2
729 1
730 1
731 1
732 1
733 2
734 1
735 2
738 1
739 2
740 1
741 2
742 2
743 1
744 1
745 1
746 2
747 1
748 1
749 2
750 2
751 1
752 1
753 2
754 1
755 1
756 1
757 1
758 1
759 1
760 1
761 2
762 1
763 2
764 2
765 2
766 1
767 1
768 1
769 2
770 2
771 2
772 2
773 1
774 2
775 1
776 1
777 1
778 1
779 2
780 2
781 2
782 2
783 2
784 1
785 1
787 2
788 1
789 2
790 1
791 1
792 2
793 2
794 2
795 1
796 2
797 1
798 1
799 1
800 2
801 1
802 2
803 1
804 2
805 1
806 2
807 2
808 1
809 1
810 1
811 2
812 2
813 2
814 2
815 2
816 1
817 2
818 1
819 2
820 2
821 1
822 2
823 2
824 1
825 2
826 1
827 2
828 1
829 2
830 1
832 1
833 2
834 1
835 1
837 1
838 2
839 2
840 2
841 2
842 1
844 1
845 1
846 1
847 2
848 2
849 1
850 2
851 2
852 1
853 1
854 2
855 1
856 1
857 1
858 2
859 2
860 1
861 2
862 1
863 2
864 1
865 2
866 1
867 2
868 2
869 1
870 1
871 1
872 2
873 1
874 1
875 2
877 2
878 1
879 2
880 2
881 2
883 2
884 2
885 2
886 2
887 2
888 2
890 2
891 2
893 1
894 2
895 1
896 2
897 1
898 1
901 1
902 1
903 1
904 2
905 1
906 2
907 1
908 1
909 2
910 1
912 1
913 2
914 2
915 1
916 2
917 2
919 1
920 1
921 1
922 1
923 2
924 1
925 2
926 1
927 1
928 1
929 2
930 1
931 1
932 2
934 2
935 1
936 2
937 1
938 2
939 1
940 1
941 2
942 1
943 2
944 2
945 1
946 1
947 1
948 2
949 2
950 2
952 1
953 2
954 1
955 2
956 1
957 2
958 1
959 1
960 1
961 1
962 1
963 1
964 1
965 2
966 1
967 1
968 2
969 2
970 1
971 2
972 2
973 1
974 2
976 1
977 1
979 1
980 1
981 2
982 2
983 1
984 1
985 2
986 1
987 2
988 1
989 1
990 1
991 1
992 1
993 1
994 1
995 1
996 1
997 1
998 2
999 1
1000 1
1001 1
1002 1
1003 1
1004 1
1005 1
1006 2
1007 1
1008 1
1009 1
1010 2
1011 1
1012 1
1013 1
1014 2
1015 2
1016 1
1017 1
1018 2
1019 1
1020 1
1021 2
1022 2
1023 1
1024 1
1025 1
1026 2
1027 1
1028 1
1029 1
1030 2
1031 2
1033 1
1034 1
1035 2
1036 1
1037 2
1038 1
1039 1
1040 2
1041 2
1042 1
1043 1
1044 2
1045 2
1046 2
1047 2
1048 1
1049 2
1050 1
1051 2
1052 2
1053 2
1054 2
1055 1
1056 1
1057 1
1058 2
1059 2
1060 2
1061 2
1063 1
1064 1
1065 1
1066 2
1067 2
1068 2
1070 1
1071 2
1072 1
1073 1
1074 1
1075 2
1076 1
1077 1
1078 1
1079 2
1080 2
1081 2
1082 1
1083 1
1084 1
1085 2
1086 2
1087 1
1088 1
1089 2
1090 2
1091 1
1092 1
1093 2
1094 2
1095 2
1096 2
1097 2
1098 2
1099 2
1100 1
1102 1
1103 1
1104 1
1105 1
1106 2
1107 1
1108 2
1109 2
1110 2
1111 1
1112 2
1113 2
1114 2
1115 1
1116 2
1117 2
1118 2
1119 1
1120 1
1121 2
1122 1
1123 1
1124 1
1125 1
1126 1
1127 2
1128 1
1129 2
1130 1
1131 1
1132 1
1135 1
1136 2
1137 1
1138 1
1139 2
1140 2
1141 2
1142 2
1143 1
1144 1
1145 2
1146 1
1147 1
1148 2
1149 2
