1060 1081
221 879
221 779
370 9
378 9
718 847
718 1127
841 847
847 982
827 1127
450 657
378 657
450 708
625 765
633 765
378 708
378 723
657 640
719 742
546 841
1068 932
1 274
1 667
1 690
1 802
1 875
1 879
1 1029
1 1067
1 1106
1 1109
2 149
2 323
2 353
2 548
2 701
2 744
2 815
2 879
2 915
3 200
3 479
3 574
3 863
3 887
3 1132
4 167
4 199
4 379
4 729
4 776
4 891
6 552
6 601
6 664
6 777
6 817
6 994
6 1022
6 1079
8 276
8 371
8 531
8 748
8 773
8 894
8 914
8 1041
10 37
10 277
10 329
10 427
10 464
10 513
10 802
10 872
10 888
10 946
10 1124
12 384
12 454
12 721
12 770
12 811
12 883
12 920
12 1022
12 1037
12 1066
12 1089
13 440
13 471
13 660
13 760
13 791
13 794
13 932
13 988
13 1019
16 260
16 554
16 694
16 1053
16 1082
17 165
17 480
17 530
17 587
17 636
17 796
18 120
18 257
18 512
18 521
18 544
18 635
18 643
18 712
18 788
18 837
18 878
18 888
18 1123
21 158
21 195
21 257
21 412
21 439
21 532
21 637
21 745
21 873
21 919
21 996
22 97
22 117
22 264
22 304
22 306
22 561
22 734
22 881
22 901
22 969
24 79
24 80
24 86
24 88
24 115
24 211
24 226
24 280
24 282
24 461
24 649
24 683
24 790
24 806
24 1071
24 1110
25 124
25 186
25 209
25 585
25 629
25 850
26 194
26 404
26 523
26 574
26 576
26 634
26 653
26 1056
26 1136
27 551
27 596
27 616
27 678
27 756
27 1121
27 1130
28 73
28 151
28 312
28 568
28 674
28 727
28 875
28 943
30 254
30 829
30 886
30 992
30 1130
31 181
31 294
31 375
31 415
31 614
31 639
31 723
31 790
31 801
31 917
31 1048
33 196
33 230
33 336
33 390
33 507
33 613
33 716
33 752
33 1081
34 199
34 490
34 590
34 768
34 907
34 1096
34 1123
36 181
36 250
36 329
36 371
36 399
36 468
36 682
36 729
36 1027
36 1110
37 277
37 355
37 438
37 452
37 532
37 784
37 880
38 132
38 236
38 424
38 981
38 1051
39 169
39 238
39 346
39 352
39 358
39 397
39 465
39 495
39 511
39 525
39 578
39 681
39 838
40 208
40 410
40 428
40 460
40 598
40 834
40 849
40 979
40 1036
41 112
41 114
41 202
41 678
41 730
41 847
41 903
41 1066
41 1073
41 1132
42 119
42 216
42 220
42 257
42 589
42 612
42 946
42 1102
43 244
43 469
43 576
43 590
43 887
44 242
44 272
44 275
44 307
44 337
44 345
44 512
44 903
44 923
44 1007
44 1041
46 90
46 130
46 202
46 255
46 373
46 427
46 541
46 656
46 658
47 70
47 214
47 657
47 850
47 890
47 1128
48 207
48 356
48 438
48 567
48 711
48 731
48 789
48 870
48 952
48 958
48 1071
50 69
50 143
50 236
50 469
50 687
50 1088
51 59
51 178
51 603
51 648
51 706
51 770
51 788
51 851
52 84
52 186
52 567
52 677
52 684
54 86
54 95
54 193
54 475
54 511
54 591
54 1136
55 136
55 306
55 459
55 501
55 606
55 858
55 1043
55 1139
56 75
56 110
56 116
56 242
56 258
56 379
56 500
56 723
56 731
56 813
56 1020
57 73
57 137
57 169
57 244
57 326
57 589
57 724
57 917
57 953
57 1068
57 1132
58 84
58 103
58 109
58 220
58 226
58 244
58 438
58 660
58 829
59 423
59 476
59 521
59 745
59 804
59 861
60 62
60 129
60 162
60 290
60 805
60 808
60 984
61 122
61 159
61 229
61 243
61 486
61 614
61 615
61 674
61 940
61 1031
61 1100
61 1132
62 188
62 276
62 336
62 515
62 768
62 853
62 946
62 75
62 184
62 185
62 628
62 906
62 913
62 958
64 151
64 250
64 368
64 375
64 428
64 454
64 474
64 479
64 540
64 734
64 905
64 925
64 1023
64 1026
65 253
65 510
65 592
65 652
65 674
66 154
66 163
66 351
66 363
66 371
66 671
66 860
66 872
68 80
68 462
68 506
68 554
68 620
68 734
68 930
69 149
69 451
69 850
69 1009
69 1034
69 1035
69 1066
70 184
70 413
70 421
70 518
70 768
70 886
72 94
72 95
72 131
72 230
72 436
72 457
72 779
72 976
73 196
73 227
73 360
73 429
73 722
73 789
73 870
73 966
73 1025
73 1111
75 126
75 242
75 526
75 703
75 732
75 744
75 916
75 1115
75 1142
76 141
76 213
76 808
76 812
76 851
76 1128
76 1145
79 140
79 280
79 358
79 563
79 601
79 623
80 143
80 298
80 476
80 480
80 546
80 875
80 1022
81 123
81 156
81 174
81 350
81 587
81 609
81 661
81 731
81 856
81 990
81 1000
81 1078
81 1076
83 227
83 292
83 309
83 329
83 357
83 361
83 543
83 578
83 655
83 763
83 775
83 931
83 980
84 490
84 528
84 613
84 650
84 670
84 724
84 731
84 801
84 848
84 924
84 983
84 993
84 1026
84 1115
86 281
86 444
86 526
86 712
86 817
86 1068
86 1083
86 1117
88 273
88 720
88 788
88 903
90 222
90 735
90 810
90 1003
92 180
92 218
92 458
92 475
92 705
92 983
92 1034
92 1091
93 211
93 309
93 374
93 379
93 492
93 498
93 667
93 722
93 741
93 810
93 826
93 1048
94 120
94 230
94 356
94 426
94 544
94 556
94 573
94 681
94 685
94 696
94 817
94 874
94 880
94 887
94 912
94 1039
94 256
94 1121
94 1126
95 130
95 159
95 358
95 440
95 668
95 725
95 913
95 929
97 202
97 407
97 410
97 519
97 529
97 548
97 1020
97 1119
97 1141
98 321
98 491
98 505
98 525
98 577
98 619
98 658
98 695
98 923
98 925
98 943
98 997
98 1113
99 153
99 269
99 406
99 631
99 959
99 1033
99 1053
99 1056
99 1110
101 199
101 273
101 568
101 637
101 684
101 1036
102 213
102 311
102 323
102 534
102 768
102 798
102 996
103 356
103 412
103 414
103 515
103 739
103 954
103 969
103 1065
104 146
104 479
104 518
104 549
104 578
104 773
104 871
104 926
104 953
104 1065
105 113
105 284
105 404
105 487
105 695
105 866
105 1012
105 1038
106 270
106 356
106 447
106 540
106 552
106 574
106 645
106 656
106 865
106 1085
106 1108
107 188
107 593
107 868
107 908
107 1045
108 259
108 392
108 652
108 686
108 706
108 841
108 844
108 908
108 1087
109 212
109 302
109 506
109 780
109 870
109 999
109 1088
110 517
110 529
110 535
110 563
110 631
110 640
110 739
111 226
111 268
111 293
111 314
111 521
111 728
111 813
111 849
111 863
111 905
111 968
111 1020
112 200
112 331
112 353
112 493
112 543
112 727
112 827
112 897
112 909
112 1049
113 104
113 187
113 188
113 404
113 439
113 592
113 896
113 940
113 1057
113 1096
104 696
104 1070
114 185
114 311
114 362
114 501
114 589
114 669
114 1083
115 363
115 438
115 601
115 893
115 1025
116 200
116 507
116 619
116 725
116 965
116 1020
117 141
117 283
117 422
117 514
117 582
117 722
117 768
117 936
117 963
117 1065
117 1113
118 227
118 242
118 326
118 560
118 813
118 970
118 1004
118 1009
119 315
119 361
119 636
119 778
119 947
119 971
120 403
120 461
120 662
120 673
120 719
120 774
120 832
120 1096
121 170
121 363
121 491
121 499
121 507
121 644
121 923
121 1142
122 253
122 411
122 486
122 581
122 630
122 838
122 848
122 865
122 873
122 989
122 1025
122 1041
123 161
123 201
123 295
123 335
123 429
123 845
123 1080
124 161
124 453
124 636
124 638
124 714
124 727
124 926
124 958
124 990
124 998
124 1048
126 156
126 494
126 539
126 594
126 683
126 763
127 12
127 665
127 712
127 761
127 901
127 928
127 992
128 178
128 448
128 494
128 544
128 788
128 841
128 853
129 229
129 286
129 307
129 754
129 760
129 818
129 917
130 270
130 480
130 573
130 711
130 1000
131 246
131 447
131 460
131 578
131 667
131 694
131 759
131 897
131 1015
131 1086
132 457
132 467
132 523
132 628
132 875
132 1031
134 327
134 360
134 448
134 526
134 588
134 806
134 879
134 895
134 1115
134 1122
134 1131
135 356
135 500
135 558
135 590
135 598
135 609
135 613
135 684
135 790
135 880
136 145
136 162
136 451
136 697
136 705
136 723
136 921
136 922
136 926
136 963
137 279
137 374
137 428
137 626
137 638
137 723
137 742
137 853
137 890
137 893
12 237
12 416
12 458
12 683
12 762
12 856
12 887
12 924
12 1039
12 1120
140 254
140 325
140 406
140 385
140 674
140 689
140 1120
141 168
141 231
141 263
141 275
141 352
141 360
141 382
141 651
141 732
141 854
141 914
141 997
141 1013
142 274
142 353
142 466
142 674
142 863
142 1137
143 332
143 333
143 550
143 778
143 977
143 1054
143 1121
144 196
144 471
144 612
144 645
144 946
144 964
144 1091
145 232
145 521
145 644
145 667
145 764
145 777
145 872
145 956
146 189
146 460
146 630
146 790
146 796
146 848
146 928
146 953
146 979
146 996
146 1147
148 183
148 327
148 438
148 532
148 816
149 214
149 421
149 487
149 595
149 647
149 687
149 1096
150 388
150 533
150 642
150 915
150 1142
151 186
151 246
151 269
151 479
151 588
151 701
153 509
153 559
153 620
153 674
153 683
153 802
154 162
154 401
154 417
154 484
154 568
154 823
154 893
154 999
154 1004
156 412
156 498
156 513
156 586
156 613
156 655
156 748
156 849
156 854
156 979
156 1045
157 286
157 324
157 572
157 989
157 1115
157 1126
157 1145
158 286
158 328
158 690
158 830
158 1127
159 302
159 411
159 436
159 540
159 590
159 600
159 628
159 660
159 692
159 698
159 886
159 1025
159 1049
159 1056
160 180
160 196
160 247
160 288
160 425
160 432
160 457
160 643
160 777
160 862
160 897
160 934
160 958
160 979
160 1137
161 228
161 272
161 428
161 510
161 551
161 624
161 799
161 906
161 924
161 966
161 1149
162 545
162 571
162 679
162 691
162 714
162 750
162 754
162 772
162 1063
162 1119
162 1140
163 165
163 388
163 424
163 707
163 712
163 728
163 787
163 981
163 1058
164 373
164 449
164 591
164 613
164 637
164 964
164 984
164 1066
164 1146
165 1076
165 1110
166 193
166 256
166 310
166 333
166 461
166 649
166 663
166 672
166 695
166 728
166 730
166 597
166 1112
167 321
167 391
167 411
167 440
167 590
167 702
167 750
167 1083
167 1084
167 1116
167 1122
168 207
168 232
168 245
168 303
168 502
168 693
168 845
168 891
168 922
169 299
169 316
169 336
169 471
169 519
169 675
169 723
169 753
169 772
169 1111
170 234
170 279
170 428
170 514
170 594
170 624
170 902
170 942
170 1095
171 173
171 195
171 197
171 531
171 579
171 628
171 678
171 1118
172 207
172 337
172 483
172 610
172 613
172 731
172 804
172 1058
173 349
173 503
173 719
173 815
173 818
173 856
173 964
173 1117
173 1139
113 229
113 415
113 685
113 719
113 881
113 942
174 177
174 205
174 283
174 345
174 416
174 506
174 814
174 976
174 1010
175 184
175 231
175 248
175 711
175 796
175 1109
176 503
176 638
176 771
176 793
176 854
176 885
176 1125
176 1129
177 113
177 535
177 543
177 757
177 795
177 1004
177 1057
178 470
178 695
178 714
178 844
178 859
178 893
178 968
178 1027
179 222
179 302
179 339
179 527
179 530
179 610
179 696
179 697
179 915
179 994
179 1003
179 1033
179 1100
180 207
180 213
180 258
180 382
180 556
180 657
180 845
181 222
181 264
181 267
181 274
181 310
181 519
181 599
181 710
181 739
181 801
181 858
181 1064
182 216
182 245
182 424
182 522
182 551
182 676
182 719
182 919
182 1067
182 1107
182 1108
183 334
183 350
183 481
183 531
183 538
183 721
183 800
183 862
183 903
183 938
183 1148
184 474
184 641
184 679
184 709
184 842
184 875
184 965
184 1040
184 1124
185 331
185 469
185 1044
186 218
186 381
186 555
186 936
186 1057
187 308
187 615
187 738
187 820
187 964
187 1099
188 598
188 639
188 650
188 764
188 976
188 1075
113 210
113 312
113 337
113 354
113 733
189 282
189 382
189 517
189 544
189 884
189 901
189 925
189 934
189 944
189 957
189 1119
189 1149
190 730
190 839
190 1123
191 459
191 464
191 805
191 1003
192 236
192 334
192 615
192 631
192 671
192 742
192 955
193 872
194 511
194 564
194 716
194 783
194 877
194 947
195 476
195 533
195 594
195 595
195 1012
195 1084
196 215
196 377
196 427
196 480
196 544
196 733
196 740
196 754
196 858
196 1001
196 1125
197 444
197 692
197 756
197 832
197 927
197 1001
197 1082
198 523
198 768
198 782
198 857
198 939
198 962
198 1016
198 1115
199 442
199 454
199 472
199 701
199 802
199 885
199 922
199 1068
199 1113
199 1139
200 406
200 409
200 728
200 824
200 833
200 863
200 927
200 1138
201 345
201 347
201 562
201 741
201 1001
201 392
201 468
201 714
201 1008
201 1082
201 1086
201 1136
202 500
202 536
202 594
202 920
202 954
202 1023
202 1071
202 1090
202 524
202 891
202 1063
202 1102
202 1115
203 214
203 351
203 367
203 369
203 546
203 561
203 824
203 982
203 1110
204 217
204 236
204 461
204 646
204 647
204 385
204 755
204 804
204 805
204 910
204 931
205 258
205 573
205 709
206 226
206 276
206 356
206 452
206 584
206 659
206 687
206 819
206 910
206 959
206 1027
206 1078
207 391
207 525
207 669
207 784
207 961
208 275
208 309
208 334
208 546
208 849
208 891
208 991
208 992
209 295
209 379
209 409
209 531
209 603
209 612
209 616
209 620
209 672
209 684
209 874
209 917
210 286
210 471
210 512
210 671
210 706
210 768
210 783
210 985
211 288
211 323
211 654
211 734
211 969
212 336
212 529
212 664
212 698
212 800
212 801
212 845
212 949
212 957
212 967
213 253
213 632
213 925
213 955
213 1040
214 425
214 707
214 775
214 928
214 988
214 1030
215 351
215 415
215 421
215 451
215 499
215 542
215 589
215 907
215 1078
215 1147
216 227
216 417
216 570
216 688
216 855
216 919
216 929
216 1035
216 1092
217 530
217 677
217 842
218 286
218 894
218 980
219 307
219 362
219 489
219 540
219 738
219 888
219 974
220 343
220 611
220 734
220 870
220 871
220 1051
220 1053
220 1122
222 532
222 571
222 601
222 658
222 808
222 901
222 1077
222 1116
222 1119
223 434
223 808
223 872
223 980
223 1072
223 1135
224 316
224 558
224 598
224 599
224 704
224 955
224 1030
224 1049
225 313
225 348
225 420
225 425
225 644
225 686
225 740
225 902
225 953
225 1041
226 231
226 301
226 412
226 675
226 691
226 726
226 769
226 816
226 896
226 909
226 968
226 1108
227 372
227 590
227 693
227 711
227 726
227 936
228 379
228 557
228 712
228 849
228 888
228 891
228 913
228 935
228 976
228 1012
228 1100
229 270
229 289
229 372
229 694
229 821
229 863
229 897
229 984
229 1035
229 1100
230 276
230 363
230 392
230 665
230 701
230 754
230 803
230 942
231 249
231 475
231 662
231 710
231 779
231 827
231 931
231 944
231 1023
231 1065
231 1071
231 1136
232 502
232 538
232 802
232 887
232 1011
233 305
233 505
233 528
233 540
233 595
233 646
233 867
233 1103
233 1114
234 247
234 313
234 611
234 775
234 792
234 1073
234 1105
235 236
235 310
235 316
235 323
235 383
235 419
235 715
235 1052
235 1066
235 1087
235 1100
235 1119
236 241
236 430
236 449
236 856
236 1037
237 378
237 600
237 628
237 728
237 940
237 985
237 1001
237 1052
237 1055
237 1138
238 487
238 576
239 281
239 283
239 337
239 375
239 419
239 441
239 442
239 458
239 460
239 475
239 538
239 713
240 504
240 660
240 663
240 745
240 849
240 944
240 986
240 987
240 992
241 282
241 289
241 413
241 495
241 589
241 662
241 676
241 867
242 353
242 617
242 700
242 771
242 839
242 949
242 986
242 1000
242 1010
242 1124
243 257
243 593
243 603
243 660
243 673
243 711
243 726
243 940
243 1037
244 966
245 246
245 264
245 553
245 739
245 877
246 256
246 549
246 700
246 879
246 947
246 948
246 1025
246 1086
247 371
247 564
247 568
247 643
247 883
247 976
247 1059
247 1109
247 1116
248 272
248 591
248 596
248 647
248 760
248 880
248 985
248 999
249 439
249 466
249 591
249 693
249 697
249 956
249 1005
249 1115
249 1146
250 663
250 865
250 881
251 306
251 334
251 620
251 627
251 756
252 458
252 571
252 582
252 667
252 767
252 874
252 1002
253 256
253 333
253 567
253 579
253 1041
253 1110
254 430
254 780
254 832
254 1018
254 1021
254 1086
254 1093
255 399
255 563
255 690
255 867
255 927
255 960
255 1034
255 1061
255 1081
256 311
256 525
256 565
256 578
256 617
256 745
256 757
256 804
256 1015
257 615
257 668
257 674
257 758
257 920
257 1054
258 264
258 428
258 432
258 579
258 623
258 666
258 684
258 848
258 937
258 1022
259 431
259 462
259 517
259 532
259 562
259 748
259 782
259 826
259 893
259 1067
260 481
260 484
260 572
260 669
260 713
260 932
260 982
260 990
260 1079
261 425
261 435
261 708
261 756
261 792
261 874
261 905
261 1039
263 288
263 468
263 546
263 825
263 1008
263 1081
263 1090
264 407
264 415
264 681
264 959
264 988
264 1011
266 584
266 817
266 1045
267 293
267 441
267 467
267 553
267 586
267 639
267 840
267 1029
267 1052
267 1086
268 345
268 525
268 543
268 692
268 731
268 844
268 1013
268 1049
268 1086
268 1130
269 318
269 328
269 352
269 504
269 553
269 618
269 642
269 674
269 755
269 806
269 1078
270 287
270 667
270 691
270 950
272 445
272 653
272 685
272 862
272 901
272 996
272 1009
273 616
273 753
273 925
273 948
273 1064
274 668
274 669
274 764
274 819
274 869
274 906
274 921
275 334
275 631
275 677
276 509
276 595
276 611
276 804
276 864
276 1007
277 469
277 535
277 539
277 689
277 698
277 771
277 957
277 1077
278 299
278 579
278 600
278 845
278 893
279 414
279 692
279 897
279 1000
279 1006
279 1022
280 305
280 329
280 356
280 440
280 962
280 980
280 1002
280 1077
280 1139
281 375
281 409
281 474
281 525
281 535
281 674
281 706
281 958
281 964
281 1056
281 1063
281 1085
282 656
282 745
282 897
283 391
283 482
283 552
283 596
283 744
283 979
284 307
284 726
284 750
284 914
284 1113
285 347
285 580
285 797
286 422
286 463
286 569
286 666
286 757
286 791
286 1129
287 331
287 834
287 1056
288 459
288 823
288 931
288 1102
289 313
289 557
289 962
289 967
289 972
289 1100
289 1106
290 416
290 616
290 674
290 958
290 1059
290 1085
291 494
291 541
291 563
291 844
291 1095
292 306
292 313
292 475
292 548
292 556
292 576
292 594
292 619
292 853
293 482
293 516
293 554
293 1054
294 350
294 361
294 369
294 464
294 496
294 566
294 617
294 714
294 761
294 1006
295 321
295 453
295 943
295 982
295 1007
296 411
296 457
296 735
296 820
296 919
296 1104
297 421
297 435
297 514
297 590
298 539
298 669
298 1058
299 506
299 528
299 535
299 723
299 991
300 514
300 592
300 659
300 968
300 1039
301 409
301 503
301 637
301 726
301 753
301 861
301 862
301 909
301 921
301 1015
301 1045
301 1056
302 383
302 465
302 619
302 839
302 885
302 1056
303 605
303 627
303 629
303 768
303 840
303 940
303 941
304 392
304 796
304 921
304 936
304 1025
305 356
305 429
305 491
305 495
305 535
305 650
305 706
305 823
305 854
305 920
305 953
305 1025
306 311
306 382
306 758
306 845
306 256
306 1142
307 495
307 545
307 773
307 837
308 522
308 573
308 818
308 864
308 945
308 954
309 498
309 634
309 689
309 699
309 735
309 771
309 854
309 1127
310 429
310 569
310 657
310 698
310 791
310 931
310 932
310 1086
311 351
311 568
311 624
311 671
311 824
311 860
311 869
311 931
311 965
311 1121
312 428
312 435
312 664
312 751
312 806
312 1010
313 505
313 559
313 774
313 930
314 355
314 578
314 710
314 771
314 885
314 909
314 919
314 1028
314 1038
314 1094
315 494
315 629
315 908
315 939
315 1042
316 493
316 760
316 818
316 855
316 908
316 1076
317 367
317 514
317 653
317 855
317 883
317 942
317 965
318 361
318 414
318 617
318 637
318 870
318 1012
318 1045
318 1053
319 494
319 546
319 898
319 1029
319 1052
321 332
321 434
321 727
321 886
321 995
323 326
323 352
323 362
323 369
323 514
323 765
323 830
323 879
323 256
324 436
324 619
324 620
324 634
324 970
325 403
325 465
325 627
325 656
325 989
325 1025
325 1043
326 353
326 457
326 713
326 838
327 454
327 472
327 572
327 610
327 693
327 785
327 912
327 981
327 983
327 1143
328 338
328 576
328 598
328 714
328 740
328 785
328 814
329 648
329 979
329 989
331 379
331 392
331 441
331 505
331 682
331 711
331 749
331 1095
331 1098
331 1135
332 545
332 635
332 720
332 1057
333 357
333 467
333 561
333 573
333 674
333 684
333 686
333 967
333 1009
333 1037
334 442
334 618
334 627
334 644
334 703
334 902
334 1004
334 1014
334 1030
334 1040
335 337
335 388
335 397
335 681
335 744
335 922
335 925
335 928
336 358
336 376
336 798
336 802
336 1055
337 473
337 769
337 834
337 842
337 866
337 905
337 1086
337 1114
338 376
338 710
338 1067
339 347
339 420
339 424
339 614
339 684
339 723
339 792
339 1095
340 341
340 469
340 473
340 726
340 879
340 915
340 977
340 1008
340 1024
340 1114
340 1115
341 459
341 467
341 590
341 729
341 879
341 927
341 1135
343 467
343 594
343 641
343 725
343 875
343 1137
344 373
344 509
344 753
344 1064
344 1089
345 482
345 681
345 722
345 821
345 992
345 1002
345 1081
346 774
346 845
346 913
346 947
347 424
347 507
347 625
347 708
347 972
347 1123
348 585
348 625
348 642
348 725
349 493
349 610
349 748
349 770
349 799
349 981
349 1073
349 1089
350 353
350 404
350 854
350 1000
351 426
351 507
351 613
351 739
351 812
351 833
352 444
352 453
352 582
352 673
352 733
352 761
352 924
353 476
353 510
353 517
353 608
353 800
353 917
353 961
353 1090
353 1119
353 1135
354 376
354 520
354 549
354 564
354 622
354 625
354 713
354 927
354 936
354 959
354 980
354 1137
355 428
355 598
355 722
355 770
355 808
355 992
355 1016
356 417
356 462
356 467
356 533
356 536
356 661
356 677
356 785
356 1054
357 421
357 519
357 627
357 734
357 751
357 1000
357 1088
357 1124
358 399
358 850
358 1056
358 1126
360 363
360 463
360 638
360 715
360 750
360 944
360 950
361 478
361 608
361 663
361 805
361 979
361 1074
361 1107
361 1109
362 495
362 628
362 834
362 927
362 944
362 945
362 1037
362 1100
362 1128
363 693
363 798
363 847
363 910
363 1143
364 374
364 629
364 638
364 870
364 1066
364 1112
364 1148
367 468
367 472
367 685
367 707
367 938
367 993
367 1026
368 702
368 754
368 909
368 1105
368 1132
369 429
369 749
369 778
369 875
369 919
369 969
369 1033
369 1048
369 1067
371 586
371 643
371 704
371 762
371 784
371 793
371 809
371 825
371 945
371 954
371 1143
372 419
372 476
372 625
372 629
372 693
372 597
372 1002
373 436
373 440
373 631
373 697
373 758
373 818
373 973
373 1007
373 1049
374 562
374 816
374 826
374 1017
374 1142
375 574
375 655
375 682
375 719
375 783
375 837
375 1060
376 515
376 614
376 707
376 720
376 730
376 856
376 916
376 937
376 949
376 994
377 517
377 784
377 824
377 968
377 1003
377 1028
378 428
378 513
378 610
378 684
378 791
378 859
378 993
378 1079
378 1147
379 463
379 550
379 598
379 698
379 839
380 748
380 771
380 1022
381 576
381 772
381 825
381 844
381 888
381 949
381 1082
381 1102
381 1138
381 1146
382 587
382 662
382 693
382 862
382 915
382 1060
383 490
383 534
383 551
383 564
383 585
383 819
383 868
383 879
383 937
383 961
383 1080
383 1113
383 1140
384 390
384 424
384 702
384 738
384 753
384 806
384 819
385 444
385 459
385 661
385 768
385 1107
385 1145
388 392
388 415
388 480
388 647
388 597
388 769
388 1020
388 1055
388 1110
388 1117
390 554
390 964
390 974
390 994
391 549
391 603
391 723
391 823
391 859
391 1056
391 1089
391 1140
392 505
392 607
392 648
392 683
392 707
392 765
392 825
392 905
392 1009
392 1138
397 462
397 483
397 502
397 520
397 576
397 626
397 727
397 752
397 1034
397 1068
397 1079
399 492
399 802
399 953
401 402
401 412
401 420
401 688
401 712
401 753
401 757
401 793
401 973
401 1048
401 1100
401 1132
402 448
402 664
402 820
402 1005
403 600
403 724
403 854
403 895
403 1127
404 415
404 486
404 579
404 838
404 921
404 1091
406 530
406 613
406 651
406 704
406 734
406 830
406 1033
406 1120
407 439
407 739
407 773
407 825
407 905
409 457
409 745
409 887
409 913
409 1022
409 1105
409 1125
410 584
410 616
410 626
410 663
410 791
410 968
410 1103
411 540
411 607
411 611
411 857
411 964
411 965
411 1104
412 463
412 476
412 784
412 829
412 940
412 1044
413 559
413 676
413 1026
413 1047
414 416
414 460
414 526
414 639
414 798
414 965
415 845
415 1063
415 1077
416 439
416 447
416 457
416 622
416 868
416 944
416 1036
416 1084
416 1128
417 469
417 916
417 1008
419 491
419 517
419 620
419 622
419 693
419 965
419 1140
420 663
420 678
420 890
420 928
420 935
420 970
420 1008
420 1107
420 1122
420 1148
421 598
421 623
421 760
421 815
421 910
421 934
421 1114
422 483
422 632
422 652
422 749
422 767
422 802
422 820
422 878
422 938
422 1014
422 1041
422 1085
423 460
423 490
423 650
423 662
423 702
423 744
423 795
423 880
423 963
423 1043
423 1112
424 668
424 757
424 800
424 1102
425 522
425 702
425 823
426 500
426 642
426 663
426 706
426 759
426 1110
427 438
427 599
427 768
427 791
427 1005
428 726
428 957
428 971
428 981
428 1104
428 1132
429 446
429 451
429 461
429 500
429 1043
430 439
430 554
430 779
430 896
430 998
430 1009
430 1029
430 1043
430 1080
430 1128
430 1129
431 465
431 618
431 947
431 966
432 470
432 660
432 789
432 1084
433 606
433 842
433 857
433 1006
433 1013
433 1148
434 472
434 540
434 574
434 847
434 850
434 893
434 1066
435 459
435 531
435 771
435 884
435 927
435 1085
436 610
438 768
438 789
438 816
438 867
438 923
438 989
438 1018
438 1059
438 1098
439 580
439 590
439 632
439 654
439 815
439 1039
440 458
440 467
440 545
440 577
440 920
440 922
441 515
441 527
441 986
441 1063
442 614
442 664
442 676
442 778
442 794
442 1074
444 510
444 540
444 672
444 708
444 861
444 902
444 1049
445 642
445 1021
446 471
446 640
446 723
446 1111
446 1128
447 949
447 1028
447 1089
447 1111
448 512
448 550
448 779
448 838
448 1021
449 582
449 605
449 995
449 1065
451 504
451 618
451 622
451 802
451 993
451 1095
451 1103
452 863
452 879
452 880
452 947
452 1043
452 1054
453 455
453 466
453 486
453 507
453 608
453 813
453 826
453 938
453 1012
453 1125
454 670
454 689
454 842
454 950
454 1036
455 694
455 713
455 729
455 965
457 520
457 676
457 679
457 725
457 840
457 1086
458 506
458 385
458 806
458 819
458 829
458 851
458 867
458 923
458 1090
460 752
460 886
460 934
460 974
460 1045
460 1138
461 469
461 530
461 534
461 570
461 588
461 980
461 1100
462 463
462 494
462 644
462 657
462 798
462 838
462 840
462 878
462 994
462 1109
463 556
463 723
463 910
463 968
463 993
463 1030
463 1073
463 1120
464 647
464 735
464 867
464 1008
464 1029
464 1149
465 1067
465 1129
466 493
466 572
466 606
466 853
466 1147
467 662
467 745
467 983
467 1036
467 1135
467 1147
468 545
468 677
468 757
468 875
468 921
468 977
468 1012
468 1022
468 1043
469 518
469 553
469 611
469 623
469 891
469 1085
470 604
470 658
470 706
471 536
471 672
471 755
471 1028
471 1064
472 567
472 635
472 647
472 1094
473 663
473 687
473 691
473 743
473 784
473 908
473 1146
474 486
474 538
474 620
474 713
474 833
474 910
474 999
474 1041
474 1058
474 1106
474 1126
475 587
475 929
475 996
475 1082
475 1120
476 494
476 530
476 533
476 559
476 999
476 1007
476 1028
477 522
477 642
477 760
477 822
477 966
477 1007
478 578
478 664
478 768
478 808
478 816
478 854
478 868
478 874
478 877
478 930
479 558
479 715
479 858
480 674
480 850
480 874
480 877
480 884
480 928
480 1051
481 513
481 582
481 661
481 693
481 858
481 1037
481 1039
481 1061
482 515
482 605
482 648
482 919
482 920
483 537
483 723
483 840
483 844
483 1092
483 1140
483 1143
484 533
484 559
484 704
486 668
486 756
486 833
486 1033
486 1067
486 1102
487 759
487 853
487 943
487 1002
487 1070
487 1090
487 1121
488 515
488 523
488 777
488 790
488 1081
489 556
489 631
489 707
489 790
490 775
490 887
490 1116
491 498
491 552
491 590
491 635
491 845
491 968
491 1090
491 1104
492 567
492 644
492 674
492 855
492 904
492 1095
493 594
493 617
493 619
493 626
493 901
493 922
493 987
493 1005
493 1011
494 533
494 629
494 774
494 855
494 929
494 942
495 852
495 880
495 952
495 987
495 1130
496 561
496 566
496 572
496 654
496 689
496 744
496 883
496 909
496 996
498 641
498 934
498 966
498 1052
499 639
499 768
499 808
500 659
500 863
500 957
500 958
500 991
500 1056
500 1090
501 709
502 819
502 881
502 1067
503 531
503 544
503 783
503 803
503 980
503 989
503 1131
504 601
504 748
504 787
504 797
504 1120
505 580
505 775
505 1004
506 552
506 907
506 936
506 1100
507 639
507 761
507 940
507 950
507 952
507 988
507 1070
509 649
509 704
509 796
509 1124
510 579
510 612
510 672
510 756
510 988
510 1110
511 615
511 625
511 719
511 723
511 847
511 867
511 875
512 663
512 719
512 732
512 867
512 917
512 980
513 884
513 1091
513 1128
514 568
514 678
514 385
514 738
514 1003
514 1010
514 1016
515 677
515 801
516 735
516 904
516 1039
517 594
517 686
517 711
517 740
517 818
517 930
518 527
518 885
518 1054
519 686
519 735
519 919
519 1125
520 528
520 798
520 853
520 954
520 986
521 544
521 618
521 674
521 684
521 764
521 1080
521 1097
522 664
522 874
522 1011
522 1091
523 529
523 637
523 728
523 738
523 751
523 994
524 554
524 385
524 1023
524 1027
525 552
525 579
525 586
525 595
525 659
525 674
525 739
525 845
525 972
525 1041
525 1142
526 554
526 570
526 622
526 648
526 722
526 780
526 888
527 564
527 574
527 598
527 611
527 700
527 726
527 901
527 921
527 930
527 1006
528 572
528 599
528 601
528 607
528 611
528 645
528 696
528 729
528 807
528 813
528 854
528 1064
529 536
529 711
529 727
529 733
529 789
529 890
530 543
530 631
530 820
530 861
530 914
530 1114
531 535
531 562
531 600
531 685
531 910
531 958
531 1024
531 1084
532 711
532 1078
533 563
533 761
533 855
533 1028
534 577
534 661
534 720
534 807
534 812
535 537
535 548
535 628
535 658
535 670
535 725
535 747
535 839
535 982
535 986
535 1066
535 1082
536 543
536 546
536 607
536 641
536 694
536 1119
537 696
537 806
537 943
537 946
537 972
537 1040
538 652
538 678
538 743
538 797
539 664
539 688
539 809
539 830
539 850
539 968
539 1003
539 1044
540 638
540 665
540 708
540 1066
541 614
541 784
542 665
542 694
542 712
542 1061
542 1100
543 615
543 617
543 665
543 708
543 768
543 860
543 1037
543 1104
543 1149
544 604
544 803
544 818
544 867
544 979
545 826
545 1080
545 1120
546 652
546 671
546 771
546 801
546 1013
548 607
548 687
548 692
548 1066
549 776
549 854
549 1135
550 663
550 740
550 878
550 1063
550 1118
550 1124
551 630
551 734
551 1066
552 657
552 722
552 859
552 869
552 903
552 909
552 919
552 1058
552 1123
553 693
553 713
553 763
553 1025
553 1058
554 665
554 739
554 877
554 929
554 256
554 1093
555 639
555 648
555 929
555 942
555 1021
556 797
557 757
557 776
557 780
557 821
557 1081
557 1103
558 658
558 665
558 874
558 1058
559 567
559 724
559 825
559 944
559 1147
560 590
560 824
560 1029
561 747
561 877
561 923
561 1054
561 1143
562 608
562 739
562 812
563 683
563 1017
563 1117
564 666
564 691
564 709
564 788
564 961
564 994
564 1123
565 730
565 779
565 820
566 574
566 588
566 622
566 730
566 778
566 817
566 929
567 596
567 617
567 639
567 651
567 756
567 937
567 964
567 1130
568 874
568 894
568 940
568 1089
569 603
569 1028
569 1043
570 647
570 796
570 844
570 930
570 1004
570 1112
571 864
571 1026
571 1091
571 1099
572 694
572 763
572 896
572 995
572 1067
572 1073
573 669
573 891
574 577
574 619
574 830
574 1094
576 632
576 722
576 966
576 1145
577 861
577 908
577 1059
578 640
578 968
578 976
578 992
578 1049
579 690
579 990
579 1044
579 1120
580 651
580 912
581 600
581 979
581 1021
582 652
582 783
582 928
582 939
582 1035
582 1054
584 710
584 722
584 829
584 966
584 1010
584 1054
584 1081
584 1092
585 586
585 798
585 920
585 962
585 972
585 1000
586 589
586 700
586 705
586 864
586 1064
586 1129
587 720
588 625
588 678
588 756
588 826
588 866
589 904
590 714
590 841
590 862
590 964
590 1125
591 613
591 934
591 1015
592 613
592 708
592 1008
592 1036
592 1090
592 1139
593 614
593 912
593 974
593 1014
594 696
594 790
594 864
594 953
594 988
594 1112
594 1139
595 676
595 698
595 762
595 846
595 1078
595 1092
595 1147
596 606
596 616
596 720
596 721
598 855
599 863
599 885
600 792
600 869
600 938
600 945
600 1045
600 1146
600 1147
601 785
601 801
601 854
601 885
601 1139
603 636
603 650
603 668
603 926
603 971
603 984
603 1074
603 1107
603 1141
604 798
604 1141
605 672
605 763
605 854
605 1148
606 854
606 864
606 877
606 914
606 1110
607 610
607 612
607 631
607 667
607 738
607 824
607 896
607 1121
608 672
608 677
608 819
608 874
608 966
609 663
609 703
609 793
609 1071
610 1013
610 1025
610 1077
611 711
611 742
612 775
612 807
612 1026
612 1031
612 1054
613 626
613 986
613 1045
613 1094
614 641
614 650
614 787
614 887
614 980
614 1120
614 1130
615 674
615 688
615 938
615 999
615 1063
615 1075
616 687
616 781
616 835
616 982
617 787
617 800
617 848
617 883
617 959
617 1025
617 1083
617 1120
618 657
618 669
618 819
618 885
618 1060
619 642
620 631
620 651
620 694
620 711
620 768
620 1094
622 730
622 801
623 635
623 678
623 692
623 747
623 778
623 984
623 1108
623 1148
624 1048
625 890
625 996
625 1020
626 880
626 964
626 966
626 1006
626 1122
627 844
627 919
627 1068
627 1104
628 948
628 1039
628 1044
628 1091
628 1109
629 684
629 743
629 751
629 774
629 828
629 1059
629 1070
629 1147
630 638
630 664
630 787
630 824
630 897
630 1023
630 1071
631 632
631 868
631 897
632 774
632 929
632 976
632 1072
634 672
634 808
634 1012
634 1023
635 799
635 923
635 955
635 998
635 1057
636 385
636 769
636 771
636 901
636 1031
637 669
637 674
637 780
637 800
637 1022
638 685
638 865
638 966
638 1051
639 795
639 906
639 1052
639 1149
640 687
640 905
641 648
641 779
641 783
641 955
642 663
642 676
642 926
642 967
642 990
642 995
642 1028
642 1095
643 710
643 754
643 781
643 1115
643 1132
643 1137
644 652
644 733
644 818
644 855
645 780
645 837
646 886
646 1109
647 932
647 990
647 1110
647 1115
648 678
648 744
648 803
648 812
648 821
648 864
648 996
649 703
649 721
650 385
650 880
650 891
651 675
651 748
651 818
651 960
651 1007
651 1119
652 778
652 832
652 868
652 982
652 1004
653 946
654 905
654 994
655 870
655 877
655 950
655 963
655 1147
656 838
656 880
656 946
657 674
657 721
657 819
657 860
657 894
657 1058
657 1102
657 1129
658 834
658 1025
659 746
659 796
659 993
660 682
660 691
660 707
660 745
660 757
660 800
660 937
660 959
661 662
661 749
661 837
661 901
661 929
662 748
662 802
662 944
662 1117
663 849
663 870
663 904
663 1080
664 755
664 806
664 987
664 1024
665 785
665 1051
665 1113
665 1114
666 647
666 848
666 849
666 870
666 957
667 679
667 708
667 877
667 958
668 669
668 758
668 1078
668 1111
669 809
669 844
669 863
669 915
669 999
669 1021
669 1114
670 698
670 767
670 823
670 825
670 826
670 881
670 914
670 926
670 998
671 944
671 1116
672 806
672 824
672 1020
672 1030
673 698
673 707
673 749
673 754
674 678
675 728
675 746
675 950
675 955
675 999
676 691
676 855
676 966
676 1050
676 1111
677 806
677 958
678 1035
678 1078
679 713
679 820
679 898
679 1112
385 963
385 969
385 256
385 1124
681 778
681 800
681 802
674 744
674 812
674 868
674 928
674 1099
674 1070
682 779
682 880
682 944
683 990
684 1111
685 778
685 858
686 865
686 880
686 1072
686 1129
687 744
687 880
688 902
688 1019
688 1082
688 1086
688 1100
689 725
689 842
689 1083
690 801
690 819
690 893
690 950
690 984
690 1026
690 1052
691 716
691 761
691 954
691 992
691 1026
692 753
692 769
692 1028
692 1071
692 1088
692 1144
693 745
693 827
693 840
693 854
693 932
693 995
693 999
693 1003
693 1043
694 795
694 865
694 898
694 932
694 946
694 1114
695 729
696 716
696 794
696 949
697 719
697 811
697 866
697 916
697 974
697 1050
697 1110
698 743
698 1084
699 710
699 751
699 777
699 852
699 878
699 974
699 1039
700 781
700 874
700 902
700 1025
701 961
701 982
701 1147
702 941
702 996
702 1131
703 705
703 782
703 885
703 1021
703 1099
703 1113
704 822
704 828
704 860
704 878
704 949
704 1119
705 824
705 849
705 902
705 1102
705 1123
706 862
706 989
706 1000
707 757
707 763
707 778
707 861
707 1000
707 1021
707 1086
707 1114
708 797
708 870
708 1113
709 881
709 965
709 1016
709 1043
709 1127
710 996
710 1026
710 1093
711 787
712 741
712 751
712 785
712 791
712 805
712 841
712 845
713 726
713 747
713 825
713 929
713 997
713 1057
647 995
647 1121
714 891
714 931
714 1056
714 1066
716 727
716 744
716 849
716 878
716 1008
716 1031
716 1070
719 760
719 996
719 1020
719 1068
719 1082
719 1119
720 767
720 904
721 734
721 768
721 883
721 884
721 955
721 957
721 963
721 1011
722 798
723 840
723 969
724 816
724 994
724 1141
725 762
725 779
725 851
725 969
726 747
726 757
726 875
726 879
726 1083
726 1105
727 883
727 885
727 909
728 755
728 816
728 1010
729 885
729 944
729 962
730 867
730 929
730 1016
731 732
731 738
731 780
731 1057
732 844
733 981
734 742
734 873
734 950
734 1001
734 1003
734 1057
597 759
597 808
597 827
597 861
597 989
597 1104
597 1144
735 816
735 1122
739 746
739 885
739 1010
740 775
740 834
740 923
741 806
741 982
741 1004
741 1117
742 930
742 955
742 1051
742 1093
743 761
743 1114
744 767
744 791
744 800
744 1052
745 748
745 755
745 768
745 792
745 813
745 1104
746 842
746 1025
747 752
747 775
747 800
747 818
747 852
747 897
747 1067
748 835
748 1029
748 1057
749 835
749 863
749 1058
749 1080
749 1084
749 1141
751 856
751 1036
751 1043
751 1075
751 1106
752 853
752 888
752 906
752 1025
753 755
753 771
753 790
753 1030
753 1088
753 1137
754 866
754 959
754 1024
754 1030
755 1031
756 997
757 887
757 901
757 995
757 1021
757 1034
757 1060
757 1130
758 800
758 848
758 1004
759 847
759 953
759 974
759 1047
759 1078
760 767
760 938
761 780
761 812
761 1016
762 860
762 1056
762 1081
763 994
764 816
764 1030
765 777
765 829
765 849
765 913
765 1042
766 853
766 950
766 982
766 1120
766 1147
767 895
767 992
767 1053
768 795
768 839
768 976
768 983
768 1147
769 1136
768 816
768 891
768 949
768 962
768 1074
768 1125
770 873
770 929
771 774
771 824
771 837
771 908
771 926
772 796
772 856
772 903
772 914
772 1068
773 837
773 1075
774 790
774 803
774 846
774 946
774 1001
775 793
775 825
775 943
775 256
776 967
776 1130
777 1142
778 883
778 923
778 1045
779 929
779 961
779 1135
780 799
780 809
780 850
780 1129
781 850
781 859
781 1029
781 1104
782 875
782 966
782 968
783 795
783 819
783 868
783 908
784 822
785 1085
787 913
787 923
787 957
787 1023
788 856
788 957
788 981
788 1003
788 1013
790 945
790 995
790 1031
792 829
792 838
792 915
792 920
792 1067
792 1072
792 1125
792 1138
793 811
793 834
793 1109
793 1132
794 895
794 985
794 1010
794 1088
795 898
795 927
795 1088
796 850
796 910
796 983
796 1040
797 904
797 934
797 1123
797 1136
798 834
798 981
799 995
799 1000
800 944
800 972
801 873
801 963
801 965
801 974
801 1055
802 825
803 839
803 858
803 927
804 919
804 1055
804 1118
805 840
805 996
805 1039
805 1072
806 835
806 937
806 1143
807 862
807 924
807 940
807 1102
807 1131
808 894
808 916
808 999
808 1028
808 1098
808 1100
809 818
809 912
809 1126
810 1086
811 859
811 992
812 826
812 849
812 851
812 957
812 958
812 1044
813 971
814 925
814 972
814 1017
815 840
815 901
815 913
816 914
816 996
816 1126
817 938
817 1031
818 1044
819 870
819 1080
819 1082
820 963
820 992
821 867
821 949
821 1016
822 904
822 988
822 1105
822 1123
822 1145
823 845
823 926
823 945
823 974
823 976
823 1050
825 972
825 1029
826 880
826 931
826 954
826 1042
826 1044
826 1046
826 1128
827 888
828 883
828 1054
829 858
829 1096
830 927
830 1019
830 1118
830 1136
832 950
832 956
832 1096
833 920
833 959
833 1106
834 886
834 896
834 1132
834 1145
835 886
835 973
837 839
838 862
838 888
838 1088
839 1058
840 845
840 874
841 999
841 1055
842 891
842 957
842 997
842 1118
844 927
844 964
844 1017
844 1126
844 1139
845 949
845 1037
845 1131
846 895
846 917
846 1006
846 1082
846 1091
847 866
847 1144
848 849
848 969
848 1024
849 917
849 936
849 1066
849 1095
850 891
850 930
850 996
850 1081
851 877
851 921
851 974
851 982
852 905
852 959
852 1039
852 1054
852 1082
852 1096
852 1102
852 1145
852 1147
853 912
853 913
853 990
853 992
853 1004
853 1005
854 881
854 966
854 1006
854 1022
854 1108
854 1126
855 1036
855 1086
856 1023
856 1122
857 930
857 1064
858 1078
858 1087
858 1106
858 1139
859 991
859 1026
859 1060
859 1138
860 895
860 987
860 1070
860 1095
862 926
862 1139
863 883
863 988
863 998
863 1023
863 1097
864 925
864 962
864 1004
864 1107
865 1035
865 1057
865 1128
866 952
866 1126
867 1148
869 983
869 1083
869 1138
870 888
871 1047
872 873
872 928
872 930
872 1031
873 983
875 909
875 983
875 990
875 997
875 1055
875 1098
877 1054
877 1063
877 1130
878 912
878 1029
879 256
879 1067
880 890
880 984
880 998
880 1077
883 936
883 963
883 1006
883 1021
883 1022
883 1074
883 1092
884 1057
885 984
885 1024
885 1052
885 1099
886 915
886 1042
886 1072
888 988
888 1054
890 934
893 936
894 1088
895 984
895 1027
895 1064
895 1075
895 1098
896 959
896 962
896 971
896 981
896 1064
897 989
898 957
902 934
902 1040
902 1042
902 1080
903 976
903 1028
903 1074
903 1089
904 984
905 929
905 983
905 1022
906 949
907 1027
907 1119
909 1004
909 1036
910 1085
910 1139
912 1070
914 961
914 1136
915 1011
916 1002
917 1025
919 929
919 949
920 954
920 1066
920 1144
921 955
921 980
921 1050
922 1024
924 928
924 991
924 1008
924 1051
924 1142
925 1085
925 1131
926 970
926 1035
927 974
927 1041
927 1067
928 931
929 1042
929 1147
929 1148
929 1149
930 931
930 1019
931 994
931 1018
932 1038
934 936
934 1008
934 1023
934 1037
934 1122
935 977
935 1052
935 1120
935 1126
936 994
936 1034
936 1080
936 1086
937 1050
937 1095
937 1136
938 1125
939 1092
941 944
941 1087
942 946
942 1059
942 1114
943 967
943 1024
943 1063
943 1124
944 972
944 1027
944 1055
945 955
947 1027
947 1041
947 1052
948 1037
950 1076
950 1099
952 985
952 1021
952 1029
952 1092
953 1003
953 1033
953 1077
953 1090
954 1074
954 1114
955 984
955 1126
956 256
957 970
957 1035
958 1053
958 1057
958 1071
958 1089
958 1090
959 970
959 1007
959 1021
959 1061
959 1082
959 1125
960 967
960 1027
963 1138
964 1008
966 1078
966 1076
969 986
969 1034
969 1084
971 1002
972 982
972 1064
972 1132
973 1036
973 1067
973 1109
973 1141
976 1013
983 999
983 1026
985 256
985 1147
986 1063
986 1119
987 1135
988 1121
989 1006
990 256
990 1109
991 1012
991 1104
992 1003
994 1077
995 996
996 998
998 1000
998 1092
999 1004
999 1059
999 1061
999 1146
1001 1039
1003 1132
1004 1031
1004 1050
1004 1074
1005 1059
1005 1111
1006 1050
1009 1017
1011 1095
1012 1146
1013 1040
1013 1106
1014 1020
1014 1042
1014 1065
1014 1080
1014 1099
1015 1079
1017 1059
1019 1139
1020 1105
1021 1055
1021 1106
1022 1091
1022 1093
1023 1095
1024 1059
1024 1121
1024 1122
1030 1087
1030 1121
1031 1070
1031 1078
1033 1100
1034 1052
1034 1079
1036 1115
1037 1147
1040 1144
1041 1065
1044 1129
1045 1117
1046 1092
1046 1136
1048 1129
1049 1136
1050 1137
1051 1137
1053 1127
1054 1096
1056 1082
1057 1095
1059 1145
1064 1090
1064 1100
1068 1131
1070 1073
1071 1074
1071 1076
1078 1129
1080 1094
1076 1123
1082 1115
1083 1092
1084 1147
1085 1105
1087 1143
1092 1127
1093 1122
1094 1104
1097 1109
1103 1126
1104 1148
1105 1112
1105 1139
1108 1147
1116 1131
1119 1130
1130 1131
1132 1139
1137 1141
378 340
454 340
78 29
14 155
14 253
11 41
317 396
77 11
556 793
556 765
556 1071
555 1035
544 829
719 794
544 794
971 556
14 492
387 405
