0	3	1
0	4	5
0	6	1
0	12	1
0	13	1
0	22	1
0	23	1
1	2	1
1	6	1
1	7	1
1	16	1
1	22	1
1	23	1
1	27	1
1	29	3
2	3	1
2	4	1
2	5	8
2	10	1
2	13	1
2	14	5
2	16	4
2	17	1
2	18	5
2	19	6
2	22	5
2	23	5
2	25	4
2	26	3
2	27	1
2	28	7
2	29	6
3	4	23
3	5	2
3	7	2
3	8	1
3	12	1
3	13	4
3	14	2
3	16	15
3	17	2
3	18	9
3	19	1
3	22	28
3	23	5
3	24	1
3	25	2
3	26	1
3	27	1
3	28	6
3	29	1
4	5	3
4	6	4
4	7	10
4	8	6
4	10	2
4	12	3
4	13	8
4	14	2
4	16	7
4	17	3
4	18	4
4	19	10
4	22	25
4	23	5
4	24	1
4	25	5
4	26	4
4	27	5
4	28	26
5	6	13
5	7	9
5	8	2
5	9	3
5	12	3
5	13	14
5	14	9
5	16	12
5	17	10
5	18	1
5	19	15
5	20	1
5	21	1
5	22	33
5	23	25
5	24	5
5	25	31
5	26	17
5	27	11
5	28	20
5	29	3
6	7	7
6	8	10
6	12	5
6	13	10
6	14	1
6	16	2
6	17	1
6	18	2
6	19	5
6	21	6
6	22	3
6	23	7
6	24	4
6	25	5
6	26	18
6	27	14
6	28	11
6	29	1
7	8	12
7	12	2
7	13	2
7	14	13
7	16	2
7	17	3
7	18	1
7	19	12
7	21	1
7	22	3
7	23	3
7	24	13
7	25	21
7	26	3
7	27	11
7	28	7
7	29	2
8	13	4
8	14	2
8	16	4
8	17	1
8	18	1
8	19	10
8	22	3
8	23	2
8	24	5
8	25	3
8	26	10
8	27	8
8	28	18
8	29	1
9	13	2
9	17	3
9	19	1
9	22	1
9	27	2
9	28	2
10	18	2
10	19	4
10	22	2
10	25	1
10	26	1
11	14	1
12	13	6
12	14	1
12	17	1
12	21	2
12	22	1
12	23	1
12	24	6
12	25	3
12	27	2
13	14	9
13	16	10
13	17	6
13	18	2
13	19	16
13	20	1
13	21	1
13	22	28
13	23	11
13	24	2
13	25	11
13	26	11
13	27	9
13	28	11
13	29	2
14	15	1
14	16	1
14	17	2
14	19	3
14	20	1
14	21	1
14	22	6
14	23	4
14	24	13
14	25	17
14	26	3
14	27	4
14	28	6
14	29	6
15	17	1
15	20	8
15	21	3
15	24	1
16	18	2
16	19	13
16	22	11
16	23	33
16	25	9
16	26	16
16	27	4
16	28	5
16	29	8
17	18	2
17	19	7
17	22	35
17	23	4
17	24	19
17	25	2
17	26	7
17	27	2
17	28	6
18	19	2
18	22	11
18	24	1
18	26	3
18	27	1
18	28	2
18	29	1
19	20	4
19	22	27
19	23	18
19	24	1
19	25	9
19	26	24
19	27	3
19	28	10
19	29	3
20	21	9
20	25	1
20	26	4
20	28	1
21	25	1
21	26	1
22	23	11
22	24	2
22	25	6
22	26	8
22	27	9
22	28	45
22	29	7
23	24	2
23	25	11
23	26	11
23	27	4
23	28	11
23	29	6
24	25	7
24	26	1
24	27	21
24	28	10
24	29	1
25	26	15
25	27	10
25	28	11
25	29	3
26	27	2
26	28	17
26	29	2
27	28	30
27	29	4
28	29	4
