#module 0 size: 4 bs: 0.019095
23 24 107 195 
#module 1 size: 6 bs: 4.1893e-05
85 86 87 88 126 137 
#module 2 size: 6 bs: 0.098694
103 104 105 111 113 133 
#module 3 size: 4 bs: 0.000625411
185 274 275 276 
#module 4 size: 4 bs: 0.000625412
83 182 189 277 
#module 5 size: 12 bs: 0.0137882
3 4 6 51 52 53 54 55 57 58 67 68 
#module 6 size: 10 bs: 0.000645389
4 20 29 38 59 62 63 64 66 255 
#module 7 size: 7 bs: 0.00169185
73 89 122 143 149 161 190 
#module 8 size: 10 bs: 0.00088759
7 8 42 45 136 172 176 268 269 284 
#module 9 size: 15 bs: 0.0370619
16 22 84 108 109 128 185 197 198 237 252 253 254 289 304 
#module 10 size: 10 bs: 0.000500857
21 101 127 129 241 245 257 258 261 300 
#module 11 size: 7 bs: 0.0458556
40 43 71 140 263 265 272 
#module 12 size: 5 bs: 0.00708588
72 174 180 260 261 
#module 13 size: 6 bs: 0.00414091
73 116 122 182 227 243 
#module 14 size: 10 bs: 0.000135055
19 123 124 166 168 248 249 255 267 279 
#module 15 size: 11 bs: 0.00100572
5 11 25 27 28 29 30 31 32 60 65 
#module 16 size: 7 bs: 0.00257562
41 78 100 144 145 172 176 
#module 17 size: 13 bs: 0.0305644
49 75 99 121 147 178 181 192 201 262 296 300 301 
#module 18 size: 16 bs: 0.0158829
74 75 97 127 143 147 150 159 160 162 163 166 291 292 293 295 
#module 19 size: 7 bs: 0.000796294
89 106 166 209 282 283 284 
#module 20 size: 35 bs: 0.0632193
50 79 93 96 101 120 123 124 138 162 170 177 190 194 196 203 212 213 214 221 222 223 228 229 242 243 260 266 286 288 293 295 296 302 305 
#module 21 size: 10 bs: 0.0824952
71 173 179 184 206 224 233 273 287 294 
#module 22 size: 18 bs: 0.0429188
37 117 153 154 167 168 175 183 204 210 217 218 231 232 238 239 245 255 
#module 23 size: 26 bs: 1.5984e-06
7 8 34 35 36 42 45 70 80 82 94 95 148 211 225 226 247 250 265 270 291 292 297 298 299 307 
#module 24 size: 8 bs: 0.0137882
19 81 142 161 207 220 249 259 
#module 25 size: 15 bs: 0.0370609
74 76 92 129 130 131 132 141 146 157 186 187 205 278 290 
#module 26 size: 10 bs: 0.00276106
33 69 91 108 109 118 119 139 247 270 
#module 27 size: 9 bs: 0.0472669
91 151 152 155 156 200 230 236 287 
#module 0 size: 4 bs: 0.00446181
23 24 107 195 
#module 1 size: 17 bs: 1.33633e-06
75 82 99 134 136 143 158 202 216 235 240 246 252 289 298 301 303 
#module 2 size: 6 bs: 6.30493e-06
85 86 87 88 126 137 
#module 3 size: 6 bs: 0.000390388
103 104 105 111 113 133 
#module 4 size: 4 bs: 4.05214e-05
83 182 189 277 
#module 5 size: 4 bs: 0.0150918
185 274 275 276 
#module 6 size: 13 bs: 0.00406321
3 4 6 29 51 52 53 54 55 57 58 67 68 
#module 7 size: 10 bs: 0.00169185
4 20 29 38 59 62 63 64 66 255 
#module 8 size: 19 bs: 1.55836e-05
93 96 101 138 170 194 196 221 222 223 228 229 242 243 282 283 293 295 296 
#module 9 size: 10 bs: 1.85488e-06
49 98 178 181 192 193 234 241 300 302 
#module 10 size: 5 bs: 0.00121154
33 139 149 215 264 
#module 11 size: 15 bs: 0.0788961
34 35 36 42 45 80 94 148 211 225 226 247 250 270 299 
#module 12 size: 10 bs: 0.0720713
19 123 124 166 168 248 249 255 267 279 
#module 13 size: 11 bs: 3.88417e-05
16 84 108 109 185 197 198 237 253 254 304 
#module 14 size: 9 bs: 0.0160914
33 69 91 108 109 118 119 139 270 
#module 15 size: 13 bs: 1.85488e-06
49 50 79 93 192 212 213 214 228 229 260 302 305 
#module 16 size: 16 bs: 0.0627463
3 6 21 101 127 129 183 191 204 238 241 245 257 258 261 300 
#module 17 size: 12 bs: 0.000598731
5 11 12 25 27 28 29 30 31 32 60 65 
#module 18 size: 20 bs: 0.0300379
76 91 92 118 119 130 131 132 141 146 152 157 164 186 187 205 230 236 278 290 
#module 19 size: 14 bs: 0.0598908
26 97 106 147 159 160 162 163 166 209 251 282 283 284 
#module 20 size: 6 bs: 0.00533467
73 89 122 149 161 190 
#module 21 size: 20 bs: 0.0525239
40 71 74 140 173 174 179 184 206 207 224 233 256 263 265 272 273 280 287 294 
#module 0 size: 13 bs: 0.0525908
49 50 79 93 192 212 213 214 228 229 260 302 305 
#module 1 size: 8 bs: 0.0833653
21 123 124 183 234 240 242 303 
#module 2 size: 9 bs: 0.00354595
19 123 124 166 168 248 249 267 279 
#module 3 size: 11 bs: 0.0159277
93 96 101 120 123 124 170 228 229 242 296 
#module 4 size: 9 bs: 0.0152716
93 184 222 223 228 229 243 282 283 
#module 5 size: 14 bs: 0.00112274
5 9 11 12 25 27 28 29 30 31 32 60 61 65 
#module 6 size: 9 bs: 0.014267
73 83 116 122 182 189 227 243 277 
#module 7 size: 17 bs: 0.0134723
3 4 6 51 52 53 54 55 57 58 67 68 72 174 180 260 261 
#module 8 size: 9 bs: 0.00360681
17 20 38 56 59 62 63 64 66 
#module 9 size: 6 bs: 6.02876e-10
85 86 87 88 126 137 
#module 10 size: 6 bs: 0.000471048
103 104 105 111 113 133 
#module 11 size: 34 bs: 0.0188109
7 8 19 34 35 36 42 45 70 80 81 82 94 95 142 148 161 211 220 225 226 247 249 250 259 268 269 270 291 292 297 298 299 307 
#module 12 size: 19 bs: 0.0326909
16 33 69 84 91 108 109 118 119 139 185 197 198 237 247 253 254 270 304 
#module 13 size: 16 bs: 0.0160896
75 82 99 134 136 143 158 202 216 235 240 246 252 289 298 303 
#module 14 size: 9 bs: 0.00379966
49 98 178 181 192 193 234 300 302 
#module 15 size: 14 bs: 0.00646898
74 97 127 132 143 147 150 159 160 162 163 166 291 292 
#module 16 size: 15 bs: 0.0527261
138 162 190 194 196 203 204 221 222 223 266 286 288 293 295 
#module 17 size: 15 bs: 0.0531354
91 118 119 130 131 151 152 155 156 186 187 190 200 230 236 
#module 18 size: 10 bs: 0.00382505
74 76 130 131 132 141 146 157 205 278 
#module 19 size: 18 bs: 0.0414591
40 71 74 140 173 179 184 206 207 224 233 263 265 272 273 280 287 294 
#module 20 size: 10 bs: 0.000795526
21 101 127 129 241 245 257 258 261 300 
#module 21 size: 8 bs: 0.0409633
117 168 204 217 218 232 238 245 
#module 0 size: 5 bs: 0.0648124
72 174 180 260 261 
#module 1 size: 6 bs: 0.024864
40 71 140 263 272 297 
#module 2 size: 6 bs: 0.0391711
179 184 206 224 273 287 
#module 3 size: 19 bs: 0.0326909
16 33 69 84 91 108 109 118 119 139 185 197 198 237 247 253 254 270 304 
#module 4 size: 20 bs: 0.0104565
34 35 36 42 70 80 82 94 95 148 211 226 247 250 270 291 292 297 298 299 
#module 5 size: 7 bs: 0.00257562
19 81 142 161 220 249 259 
#module 6 size: 11 bs: 5.2767e-07
41 78 100 144 145 153 154 177 213 214 305 
#module 7 size: 10 bs: 0.00539777
21 101 127 129 241 245 257 258 261 300 
#module 8 size: 7 bs: 0.000500857
117 168 204 217 218 232 238 
#module 9 size: 14 bs: 0.00112274
5 9 11 12 25 27 28 29 30 31 32 60 61 65 
#module 10 size: 12 bs: 0.00234766
3 4 6 51 52 53 54 55 57 58 67 68 
#module 11 size: 9 bs: 0.00360681
17 20 38 56 59 62 63 64 66 
#module 12 size: 6 bs: 0.000175734
89 106 209 282 283 284 
#module 13 size: 6 bs: 6.05138e-10
85 86 87 88 126 137 
#module 14 size: 6 bs: 0.000471048
103 104 105 111 113 133 
#module 15 size: 3 bs: 0.00284961
274 275 276 
#module 16 size: 7 bs: 0.0137004
33 139 149 188 215 264 306 
#module 17 size: 17 bs: 0.0261157
75 82 99 134 136 143 158 202 216 235 240 246 252 289 298 301 303 
#module 18 size: 42 bs: 0.0209937
19 37 73 76 91 92 116 118 119 122 125 130 131 141 146 151 152 155 156 157 164 168 175 182 186 187 200 205 210 219 227 230 236 239 243 248 249 267 271 278 287 290 
#module 19 size: 12 bs: 0.00176593
74 97 127 132 143 147 150 159 160 162 163 166 
#module 20 size: 23 bs: 0.078772
93 101 123 124 138 162 170 190 194 196 203 221 222 223 228 229 242 266 286 288 293 295 296 
#module 21 size: 13 bs: 1.85488e-06
49 50 79 93 192 212 213 214 228 229 260 302 305 
#module 22 size: 12 bs: 0.0340137
49 98 121 178 181 192 193 201 234 241 262 300 
#module 0 size: 5 bs: 0.0607194
72 174 180 260 261 
#module 1 size: 6 bs: 0.0491341
73 116 122 182 227 243 
#module 2 size: 5 bs: 0.00107217
85 86 87 88 126 
#module 3 size: 16 bs: 0.0327152
49 75 98 99 121 178 181 192 193 201 234 241 262 300 301 302 
#module 4 size: 9 bs: 0.000143403
19 123 124 166 168 248 249 267 279 
#module 5 size: 10 bs: 0.0833652
93 96 101 123 124 170 228 229 242 296 
#module 6 size: 13 bs: 0.0122517
138 162 190 194 196 203 221 222 223 266 288 293 295 
#module 7 size: 9 bs: 0.00381141
75 158 202 216 240 244 246 289 303 
#module 8 size: 9 bs: 0.0126139
151 152 155 156 200 230 236 248 287 
#module 9 size: 12 bs: 0.0699418
5 11 12 25 27 28 30 31 32 60 61 65 
#module 10 size: 57 bs: 0.0513607
7 8 16 22 33 34 35 36 41 42 43 45 69 70 78 80 81 82 84 91 94 95 100 108 109 112 118 119 139 144 145 148 172 176 185 197 198 211 225 226 237 247 250 253 254 265 268 269 270 280 291 292 297 298 299 304 307 
#module 11 size: 13 bs: 0.00406321
3 4 6 29 51 52 53 54 55 57 58 67 68 
#module 12 size: 8 bs: 0.0917789
20 38 59 62 63 64 66 255 
#module 13 size: 3 bs: 0.00711222
83 189 277 
#module 14 size: 3 bs: 0.0028496
274 275 276 
#module 15 size: 6 bs: 0.000471048
103 104 105 111 113 133 
#module 16 size: 6 bs: 0.0172068
179 184 206 224 273 287 
#module 17 size: 7 bs: 0.0429472
19 142 161 207 220 249 259 
#module 18 size: 16 bs: 0.0158829
74 75 97 127 143 147 150 159 160 162 163 166 291 292 293 295 
#module 19 size: 10 bs: 0.00382505
74 76 130 131 132 141 146 157 205 278 
#module 20 size: 10 bs: 0.000795526
21 101 127 129 241 245 257 258 261 300 
#module 21 size: 8 bs: 0.0409633
117 168 204 217 218 232 238 245 
#module 0 size: 6 bs: 0.0348463
85 86 87 88 126 137 
#module 1 size: 13 bs: 0.000948278
71 173 174 179 184 206 207 224 233 273 280 287 294 
#module 2 size: 4 bs: 0.0353727
23 24 107 195 
#module 3 size: 6 bs: 0.0127026
40 43 71 140 263 272 
#module 4 size: 4 bs: 0.0429099
185 274 275 276 
#module 5 size: 4 bs: 0.0136966
83 182 189 277 
#module 6 size: 10 bs: 0.000500857
21 101 127 129 241 245 257 258 261 300 
#module 7 size: 19 bs: 0.0326909
16 33 69 84 91 108 109 118 119 139 185 197 198 237 247 253 254 270 304 
#module 8 size: 13 bs: 1.85488e-06
49 50 79 93 192 212 213 214 228 229 260 302 305 
#module 9 size: 12 bs: 0.00234766
3 4 6 51 52 53 54 55 57 58 67 68 
#module 10 size: 11 bs: 0.0429099
117 150 152 153 154 155 175 208 217 218 231 
#module 11 size: 15 bs: 0.0127878
75 99 134 136 143 158 202 216 235 240 246 252 289 298 303 
#module 12 size: 19 bs: 0.0757972
19 37 81 90 123 124 125 142 161 166 168 207 220 248 249 255 259 267 279 
#module 13 size: 10 bs: 0.000423215
7 8 42 45 136 172 176 268 269 284 
#module 14 size: 23 bs: 0.057261
7 8 34 35 36 41 42 45 70 82 94 95 100 148 161 265 291 292 297 298 299 306 307 
#module 15 size: 10 bs: 0.0013373
91 118 119 151 152 155 156 200 230 236 
#module 16 size: 16 bs: 0.0545481
74 76 92 130 131 132 141 146 157 159 160 186 187 205 278 290 
#module 17 size: 13 bs: 0.041582
49 98 121 178 181 192 193 201 234 262 300 301 302 
#module 18 size: 15 bs: 0.0375571
26 89 103 104 105 106 110 111 113 133 166 209 282 283 284 
#module 19 size: 13 bs: 0.0586941
33 73 116 122 139 149 182 188 215 227 243 264 306 
#module 20 size: 17 bs: 0.00298486
4 5 11 20 25 27 28 29 30 31 32 38 60 61 62 64 65 
#module 21 size: 16 bs: 0.00997426
101 138 162 170 190 194 196 203 221 222 223 266 288 293 295 296 
#module 22 size: 7 bs: 0.0142404
183 191 204 232 238 257 258 
