#module 0 size: 4 bs: 0.000625411
185 274 275 276 
#module 1 size: 4 bs: 0.000625412
83 182 189 277 
#module 2 size: 7 bs: 0.00169185
73 89 122 143 149 161 190 
#module 3 size: 10 bs: 0.00276106
33 69 91 108 109 118 119 139 247 270 
#module 4 size: 13 bs: 0.0279446
16 22 84 108 109 128 185 197 198 237 253 254 304 
#module 5 size: 16 bs: 0.0158829
74 75 97 127 143 147 150 159 160 162 163 166 291 292 293 295 
#module 6 size: 10 bs: 0.000795526
21 101 127 129 241 245 257 258 261 300 
#module 7 size: 11 bs: 0.0152716
93 96 101 120 123 124 170 228 229 242 296 
#module 8 size: 7 bs: 0.0800895
21 123 124 183 234 242 303 
#module 9 size: 5 bs: 0.139676
23 24 107 195 251 
#module 10 size: 7 bs: 0.67675
85 86 87 88 126 137 169 
#module 11 size: 7 bs: 0.458853
103 104 105 110 111 113 133 
#module 12 size: 6 bs: 0.568072
72 135 174 180 260 261 
#module 13 size: 21 bs: 0.118103
40 43 71 74 140 173 174 179 184 206 207 224 233 256 263 265 272 273 280 287 294 
#module 14 size: 12 bs: 0.434102
26 93 106 184 209 222 223 228 229 243 282 283 
#module 15 size: 15 bs: 1.02664
5 9 10 11 12 25 27 28 29 30 31 32 60 61 65 
#module 16 size: 16 bs: 0.207003
91 118 119 130 131 151 152 155 156 186 187 190 200 210 230 236 
#module 17 size: 15 bs: 0.94105
2 41 78 100 114 144 145 153 154 172 176 177 213 214 305 
#module 18 size: 8 bs: 0.772692
33 115 139 149 188 215 264 306 
#module 19 size: 20 bs: 0.290642
19 37 46 81 90 123 124 125 142 161 166 168 207 220 248 249 255 259 267 279 
#module 20 size: 12 bs: 0.391615
4 17 20 29 38 56 59 62 63 64 66 255 
#module 21 size: 13 bs: 0.563788
3 4 6 51 52 53 54 55 57 58 67 68 171 
#module 22 size: 29 bs: 0.993135
7 8 34 35 36 42 45 70 80 82 94 95 112 148 211 225 226 247 250 268 269 270 284 291 292 297 298 299 307 
#module 23 size: 17 bs: 0.974071
74 76 92 130 131 132 141 146 157 164 175 186 187 205 271 278 290 
#module 24 size: 15 bs: 0.291396
44 48 49 50 79 93 192 212 213 214 228 229 260 302 305 
#module 25 size: 14 bs: 0.908336
1 138 162 190 194 196 203 221 222 223 266 286 288 293 
#module 26 size: 16 bs: 0.940303
37 117 153 154 167 168 191 204 208 217 218 231 232 238 245 255 
#module 27 size: 13 bs: 0.72871
49 98 121 178 181 192 193 199 201 239 262 300 301 
#module 28 size: 17 bs: 0.512058
75 82 99 134 136 143 158 202 216 235 240 244 246 252 289 298 303 
#module 29 size: 9 bs: 0.451531
73 116 122 165 182 219 227 243 281 
