#module 0 size: 17 bs: 3.51164e-101
73 83 89 116 122 143 149 161 165 182 189 190 219 227 243 277 281 
#module 1 size: 95 bs: 0.000344612
19 37 40 43 46 71 74 75 76 81 90 91 92 97 117 118 119 123 124 125 127 130 131 132 140 141 142 143 146 147 150 151 152 153 154 155 156 157 159 160 161 162 163 164 166 167 168 173 174 175 179 184 186 187 190 191 200 204 205 206 207 208 210 217 218 220 224 230 231 232 233 236 238 245 248 249 255 256 259 263 265 267 271 272 273 278 279 280 287 290 291 292 293 294 295 
#module 2 size: 48 bs: 0.0847904
3 4 5 6 9 10 11 12 17 20 21 25 27 28 29 30 31 32 38 51 52 53 54 55 56 57 58 59 60 61 62 63 64 65 66 67 68 101 127 129 171 241 245 255 257 258 261 300 
#module 3 size: 72 bs: 0.0694934
2 7 8 16 22 33 34 35 36 41 42 45 69 70 78 80 82 84 91 94 95 100 108 109 112 114 115 118 119 128 139 144 145 148 149 153 154 172 176 177 185 188 197 198 211 213 214 215 225 226 237 247 250 253 254 264 268 269 270 274 275 276 284 291 292 297 298 299 304 305 306 307 
#module 4 size: 36 bs: 0.0262997
21 49 75 82 98 99 121 123 124 134 136 143 158 178 181 183 192 193 199 201 202 216 234 235 239 240 242 244 246 252 262 289 298 300 301 303 
#module 5 size: 44 bs: 3.96262e-05
1 26 44 48 49 50 79 93 96 101 106 120 123 124 138 162 170 184 190 192 194 196 203 209 212 213 214 221 222 223 228 229 242 243 260 266 282 283 286 288 293 296 302 305 
#module 6 size: 5 bs: 1
23 24 107 195 251 
#module 7 size: 7 bs: 1
85 86 87 88 126 137 169 
#module 8 size: 7 bs: 1
103 104 105 110 111 113 133 
#module 9 size: 6 bs: 1
72 135 174 180 260 261 
