#module 0 size: 65 bs: 0.00111679
3 4 5 6 10 11 12 17 19 20 21 25 27 28 29 30 31 32 37 38 51 52 53 54 55 56 57 58 59 60 61 62 63 64 65 66 67 68 90 101 117 123 124 127 129 166 168 171 191 204 217 218 232 238 241 245 248 249 255 257 258 261 267 279 300 
#module 1 size: 53 bs: 1
2 74 75 76 91 92 97 118 119 127 129 130 131 132 141 146 147 150 151 152 155 156 157 159 160 162 163 164 166 167 175 183 186 187 194 200 205 208 210 217 218 219 230 231 236 239 271 278 287 290 291 292 293 
#module 2 size: 29 bs: 1
26 73 83 89 103 104 105 106 110 111 113 116 122 133 143 161 165 166 182 189 190 209 227 243 277 281 282 283 284 
#module 3 size: 84 bs: 1
7 8 16 19 22 23 24 33 34 35 36 41 42 45 46 69 70 78 80 81 84 85 86 87 88 94 95 100 107 108 109 112 115 126 128 136 137 139 142 144 145 148 149 153 154 161 169 172 176 177 185 188 195 197 198 207 211 215 220 225 226 237 247 249 250 251 253 254 259 264 265 268 269 270 274 275 276 284 297 298 299 304 306 307 
#module 4 size: 75 bs: 1
1 9 44 48 49 50 72 75 79 82 92 93 96 98 99 101 120 121 125 134 135 136 138 143 158 162 170 174 178 180 181 190 192 193 194 196 199 201 202 203 207 212 213 214 216 221 222 223 228 229 231 234 235 240 241 242 244 246 252 260 261 262 266 286 288 289 293 295 296 298 300 301 302 303 305 
#module 5 size: 20 bs: 1
40 43 71 74 114 140 173 179 184 206 207 224 233 256 263 272 273 280 287 294 


NMI 0.215406799415
