0.602951 0.775542 1
0.59655 0.746465 3
0.590449 0.802563 49
0.52642 0.806034 63
0.573859 0.727191 68
0.573859 0.813812 70
0.519488 0.798715 74
0.52642 0.734968 78
0.509981 0.770501 79
0.511071 0.760479 81
0.519488 0.742287 83
0.48245 0.56177 87
0.51727 0.654548 89
0.564145 0.816509 2
0.511071 0.780524 21
0.600783 0.785388 23
0.54413 0.815423 53
0.51429 0.790077 72
0.564145 0.724494 30
0.575518 0.623204 40
0.554078 0.817054 43
0.573135 0.692095 93
0.554078 0.723948 4
0.582766 0.731913 27
0.534765 0.811692 46
0.54413 0.725579 73
0.46946 0.608837 94
0.580864 0.603834 5
0.55582 0.551831 75
0.47652 0.62765 76
0.537344 0.653647 82
0.472144 0.57902 88
0.48245 0.635811 91
0.472144 0.618561 96
0.49816 0.648339 98
0.489741 0.642782 99
0.468556 0.59879 100
0.716696 0.615931 6
0.717214 0.733933 38
0.71373 0.625547 54
0.708061 0.633862 55
0.700193 0.640136 66
0.68079 0.644565 67
0.690825 0.643813 71
0.47652 0.569931 92
0.46946 0.588744 95
0.351371 0.399059 209
0.713776 0.743376 7
0.707317 0.751075 28
0.670115 0.751075 31
0.579062 0.61376 32
0.688716 0.757845 33
0.678819 0.7561 37
0.698613 0.7561 41
0.660218 0.723883 44
0.660218 0.733933 45
0.663655 0.743376 50
0.663655 0.714439 51
0.670115 0.70674 56
0.670979 0.642326 8
0.662264 0.637294 12
0.655419 0.629917 19
0.563707 0.63946 36
0.651053 0.62085 52
0.649553 0.610899 58
0.651053 0.600948 59
0.655419 0.591881 65
0.604601 0.617517 97
0.51429 0.750925 9
0.59655 0.794537 48
0.582766 0.809089 60
0.563707 0.558121 62
0.707317 0.70674 10
0.688716 0.69997 13
0.698613 0.701715 18
0.713776 0.714439 22
0.678819 0.701715 47
0.575518 0.574377 11
0.580864 0.593747 69
0.489741 0.554799 84
0.51727 0.543032 86
0.49816 0.549242 90
0.670979 0.579473 26
0.68079 0.577233 42
0.690825 0.577985 14
0.700193 0.581662 20
0.708061 0.587936 24
0.71373 0.596251 39
0.570344 0.565717 64
0.600783 0.755615 15
0.534765 0.729311 34
0.570344 0.631863 16
0.507435 0.545277 85
0.717214 0.723883 17
0.716696 0.605867 29
0.507435 0.652304 25
0.663512 0.292374 161
0.527347 0.54258 80
0.537344 0.543934 61
0.527347 0.655001 35
0.33794 0.738796 212
0.579062 0.583821 57
0.546937 0.547051 77
0.519057 0.264622 181
0.186561 0.738796 291
0.297154 0.768429 244
0.69268 0.439077 116
0.710208 0.260713 101
0.619423 0.24583 145
0.444158 0.391077 157
0.699876 0.277885 163
0.628927 0.274038 164
0.620513 0.23581 167
0.673576 0.199831 178
0.635859 0.210304 182
0.623731 0.226258 184
0.623731 0.265402 185
0.620513 0.25585 187
0.635859 0.281356 188
0.421131 0.336774 194
0.537324 0.40045 102
0.421805 0.346843 168
0.451864 0.397592 180
0.451864 0.275956 190
0.444158 0.282471 191
0.479163 0.41026 192
0.421805 0.326705 193
0.46037 0.403023 196
0.427126 0.366266 198
0.437388 0.383593 199
0.59102 0.348021 200
0.712333 0.416893 103
0.631773 0.407111 142
0.700971 0.433354 143
0.673259 0.360283 144
0.68326 0.44265 147
0.673259 0.443864 159
0.663258 0.44265 166
0.638866 0.378334 175
0.645547 0.433354 176
0.423815 0.316816 177
0.634184 0.416893 183
0.705975 0.269861 104
0.683288 0.289132 108
0.572051 0.34182 130
0.569033 0.419045 171
0.644202 0.287012 173
0.705975 0.221799 105
0.683288 0.202528 118
0.699876 0.213774 131
0.714744 0.407111 106
0.714744 0.397036 114
0.707652 0.425813 141
0.634184 0.387255 148
0.653838 0.439077 160
0.5641 0.370845 107
0.509241 0.411266 165
0.509241 0.262282 186
0.427126 0.307282 189
0.423815 0.356733 197
0.552703 0.2861 162
0.46037 0.270526 169
0.628927 0.217621 179
0.644202 0.204647 109
0.437388 0.289956 195
0.692193 0.28441 110
0.537324 0.273098 134
0.56804 0.311994 111
0.545449 0.394464 120
0.558957 0.379528 126
0.570706 0.321727 128
0.431677 0.375273 138
0.653838 0.36507 146
0.431677 0.298276 158
0.572051 0.331728 112
0.712374 0.24079 113
0.710208 0.230946 124
0.712333 0.387255 139
0.663258 0.361498 140
0.68326 0.361498 151
0.69268 0.36507 155
0.692193 0.207249 115
0.653565 0.200916 129
0.469524 0.266278 150
0.712374 0.250869 135
0.479163 0.263288 117
0.519057 0.408927 127
0.489114 0.261609 174
0.673576 0.291828 122
0.528475 0.268249 119
0.5641 0.302703 153
0.4992 0.261272 170
0.545449 0.279085 172
0.552703 0.387448 125
0.570706 0.351821 132
0.489114 0.411939 156
0.707652 0.378334 121
0.663512 0.199286 154
0.700971 0.370793 123
0.631773 0.397036 136
0.56804 0.361554 137
0.558957 0.29402 133
0.645547 0.370793 149
0.469524 0.40727 152
0.237043 0.77158 272
0.343932 0.624459 222
0.348296 0.439102 228
0.356326 0.652296 248
0.343932 0.730549 201
0.358446 0.69274 203
0.257154 0.774765 230
0.218035 0.764283 247
0.306467 0.590725 256
0.227348 0.768429 270
0.168175 0.702711 286
0.277487 0.581309 288
0.226926 0.443754 293
0.180569 0.624459 296
0.16499 0.682601 297
0.220016 0.414224 300
0.343775 0.448233 202
0.322745 0.470086 231
0.331119 0.746372 264
0.273898 0.479559 269
0.313793 0.474953 273
0.226926 0.384693 280
0.246223 0.467153 283
0.223118 0.394143 287
0.294201 0.480337 292
0.223118 0.434304 298
0.246223 0.361295 299
0.287458 0.77158 232
0.323543 0.753193 245
0.166056 0.69274 254
0.209206 0.759186 259
0.193383 0.746372 265
0.200959 0.753193 277
0.267348 0.580243 282
0.180569 0.730549 294
0.267348 0.774765 204
0.257154 0.580243 210
0.306467 0.764283 218
0.277487 0.773699 229
0.358446 0.662268 243
0.16499 0.672407 266
0.200959 0.601814 295
0.356219 0.55096 205
0.254775 0.472691 250
0.254775 0.355756 252
0.171325 0.642601 285
0.331119 0.608636 206
0.315296 0.595822 249
0.287458 0.583428 262
0.171325 0.712407 267
0.166056 0.662268 274
0.227348 0.586579 276
0.337913 0.456567 207
0.273898 0.348888 246
0.232133 0.375935 257
0.238616 0.368074 260
0.284019 0.480727 261
0.304204 0.478397 271
0.284019 0.34772 290
0.353176 0.712407 208
0.193383 0.608636 237
0.232133 0.452513 258
0.237043 0.583428 263
0.168175 0.652296 289
0.220796 0.404064 241
0.304204 0.35005 279
0.322745 0.358362 281
0.218035 0.590725 225
0.315296 0.759186 227
0.175472 0.633288 284
0.209206 0.595822 211
0.323543 0.601814 219
0.175472 0.72172 242
0.34903 0.72172 226
0.247015 0.581309 213
0.264073 0.351588 278
0.330848 0.364538 214
0.348296 0.389345 215
0.352926 0.409129 220
0.313793 0.353494 235
0.356326 0.702711 216
0.33794 0.616212 217
0.297154 0.586579 239
0.359512 0.672407 240
0.351371 0.429388 255
0.247015 0.773699 234
0.34903 0.633288 223
0.343775 0.380214 238
0.220796 0.424383 251
0.264073 0.476859 268
0.337913 0.37188 221
0.238616 0.460373 275
0.186561 0.616212 253
0.353176 0.642601 224
0.330848 0.463909 233
0.294201 0.34811 236
0.602951 0.765461 1000
