1 3
2 3
3 1
4 1
5 1
6 1
7 2
8 2
9 6
10 1
11 1
12 1
16 2
17 1
19 3
20 1
21 3
22 3
23 3
24 3
25 1
26 1
27 3
28 3
29 1
30 1
31 1
32 1
33 3
34 2
35 2
36 2
37 3
38 3
40 2
41 3
42 2
43 3
44 3
45 2
46 2
48 3
49 3
50 3
51 1
52 1
53 1
54 1
55 1
56 6
57 1
58 1
59 1
60 1
61 1
62 1
63 1
64 1
65 1
66 1
67 1
68 1
69 4
70 2
71 4
72 5
73 4
74 4
75 4
76 4
78 3
79 3
80 5
81 3
82 4
83 3
84 5
85 4
86 4
87 4
88 4
89 4
90 5
91 4
92 4
93 4
94 4
95 6
96 4
97 4
98 4
99 4
100 4
101 4
103 2
104 2
105 2
106 3
107 3
108 4
109 4
110 2
111 2
112 2
113 2
114 5
115 5
116 4
117 4
118 5
119 5
120 5
121 5
122 4
123 4
124 4
125 4
126 6
127 4
128 5
129 4
130 4
131 4
132 4
133 6
134 4
135 4
136 4
137 4
138 4
139 4
140 4
141 4
142 4
143 4
144 6
145 6
146 4
147 4
148 4
149 4
150 5
151 4
152 5
153 4
154 4
155 5
156 4
157 4
158 4
159 4
160 4
161 4
162 4
163 4
164 4
165 4
166 4
167 4
168 4
169 4
170 4
171 3
172 4
173 3
174 6
175 4
176 3
177 4
178 4
179 4
180 4
181 4
182 4
183 4
184 4
185 4
186 4
187 4
188 6
189 4
190 5
191 4
192 4
193 4
194 4
195 5
196 4
197 4
198 4
199 4
200 4
201 4
202 4
203 4
204 4
205 4
206 4
207 4
208 5
209 4
210 4
211 4
212 4
213 4
214 4
215 4
216 6
217 5
218 5
219 4
220 5
221 4
222 4
223 4
224 4
225 4
226 4
227 4
228 4
229 4
230 4
231 5
232 4
233 4
234 4
235 4
236 4
237 4
238 4
239 4
240 4
241 4
242 4
243 4
244 4
245 4
246 3
247 4
248 3
249 4
250 3
251 3
252 3
253 3
254 3
255 4
256 4
257 3
258 3
259 6
260 4
261 3
262 4
263 3
264 4
265 6
266 4
267 4
268 3
269 3
270 4
271 4
272 4
273 4
274 4
275 4
276 4
277 4
278 4
279 4
280 4
281 4
282 4
283 4
284 4
286 4
287 4
288 6
289 4
290 4
291 4
292 4
293 4
294 4
295 4
296 4
297 4
298 4
299 4
300 4
301 4
302 4
303 4
304 4
305 4
306 4
307 4