3,6
7,8
5,12
7,16
8,16
4,20
23,24
9,26
5,27
25,27
9,28
25,28
27,28
4,29
12,29
20,29
25,29
27,29
28,29
11,30
5,31
11,31
27,31
30,31
5,32
10,32
11,32
27,32
30,32
31,32
7,34
8,34
7,35
8,35
34,35
7,36
8,36
34,36
35,36
4,38
20,38
29,38
7,42
8,42
16,42
34,42
35,42
36,42
7,45
8,45
16,45
34,45
35,45
36,45
42,45
44,48
44,50
48,50
49,50
3,51
6,51
3,52
4,52
6,52
29,52
51,52
3,53
4,53
6,53
29,53
51,53
52,53
3,54
4,54
6,54
29,54
51,54
52,54
53,54
3,55
4,55
6,55
51,55
52,55
53,55
54,55
17,56
3,57
6,57
54,57
6,58
51,58
20,59
38,59
58,59
5,60
12,60
27,60
31,60
32,60
11,61
30,61
57,61
4,62
11,62
20,62
29,62
30,62
38,62
56,62
57,62
61,62
17,63
20,63
38,63
59,63
20,64
38,64
59,64
63,64
9,65
25,65
27,65
28,65
29,65
64,65
20,66
38,66
58,66
59,66
63,66
64,66
3,67
6,67
51,67
52,67
53,67
54,67
55,67
58,67
3,68
4,68
6,68
51,68
52,68
53,68
54,68
55,68
58,68
67,68
33,69
7,70
8,70
34,70
35,70
36,70
42,70
45,70
21,71
71,74
49,75
73,76
74,76
41,78
70,78
7,80
8,80
34,80
35,80
36,80
42,80
45,80
46,80
7,81
8,81
19,81
22,81
33,81
42,81
45,81
7,82
8,82
34,82
35,82
36,82
42,82
45,82
70,82
75,82
81,82
7,84
8,84
16,84
42,84
45,84
85,86
85,87
86,87
85,88
86,88
87,88
73,89
46,90
80,90
33,91
37,92
74,92
21,93
49,93
50,93
79,93
7,94
8,94
34,94
35,94
36,94
41,94
42,94
45,94
70,94
82,94
7,95
8,95
34,95
35,95
36,95
41,95
42,95
45,95
70,95
82,95
91,95
94,95
22,96
81,96
93,96
75,97
22,98
49,98
81,98
82,98
49,99
75,99
82,99
41,100
69,100
78,100
94,100
95,100
21,101
93,101
96,101
103,104
103,105
104,105
89,106
23,107
24,107
40,107
78,107
99,107
16,108
33,108
69,108
84,108
91,108
99,108
16,109
33,109
69,109
84,109
91,109
99,109
108,109
106,110
110,111
7,112
70,112
104,113
105,113
111,113
73,116
95,116
33,118
91,118
108,118
109,118
33,119
91,119
108,119
109,119
118,119
93,120
96,120
108,120
109,120
49,121
75,121
84,121
99,121
120,121
73,122
89,122
116,122
19,123
21,123
90,123
93,123
96,123
101,123
120,123
121,123
19,124
21,124
90,124
93,124
96,124
101,124
120,124
121,124
123,124
76,125
82,125
92,125
123,125
124,125
85,126
86,126
87,126
88,126
3,127
6,127
21,127
74,127
75,127
97,127
101,127
84,128
96,128
121,128
3,129
6,129
21,129
76,129
101,129
127,129
73,130
74,130
76,130
91,130
118,130
119,130
125,130
129,130
73,131
74,131
76,131
91,131
118,131
119,131
125,131
129,131
130,131
74,132
76,132
92,132
125,132
127,132
129,132
130,132
131,132
111,133
113,133
75,134
99,134
108,134
109,134
127,134
129,134
7,136
8,136
37,136
42,136
45,136
75,136
89,136
99,136
134,136
85,137
86,137
87,137
88,137
126,137
93,138
101,138
130,138
131,138
132,138
33,139
69,139
91,139
108,139
109,139
118,139
119,139
33,140
71,140
130,140
131,140
74,141
76,141
92,141
93,141
97,141
130,141
131,141
132,141
19,142
22,142
81,142
73,143
74,143
75,143
89,143
99,143
122,143
127,143
132,143
134,143
136,143
41,144
78,144
100,144
127,144
142,144
41,145
78,145
100,145
127,145
142,145
144,145
74,146
76,146
92,146
123,146
124,146
130,146
131,146
132,146
135,146
141,146
22,147
74,147
75,147
78,147
97,147
121,147
122,147
127,147
132,147
143,147
7,148
8,148
34,148
35,148
36,148
41,148
42,148
45,148
70,148
82,148
94,148
95,148
100,148
33,149
73,149
89,149
122,149
139,149
143,149
7,150
8,150
16,150
42,150
45,150
74,150
75,150
97,150
118,150
119,150
127,150
132,150
143,150
144,150
145,150
147,150
91,151
146,151
7,152
8,152
16,152
22,152
42,152
45,152
91,152
118,152
119,152
150,152
151,152
100,153
117,153
144,153
145,153
100,154
117,154
144,154
145,154
153,154
97,155
118,155
119,155
150,155
151,155
152,155
91,156
95,156
125,156
151,156
152,156
155,156
74,157
76,157
130,157
131,157
132,157
141,157
144,157
145,157
75,158
82,158
98,158
99,158
128,158
148,158
74,159
76,159
97,159
127,159
130,159
131,159
132,159
141,159
143,159
147,159
150,159
157,159
74,160
76,160
97,160
127,160
130,160
131,160
132,160
141,160
143,160
147,160
150,160
157,160
159,160
19,161
41,161
73,161
81,161
89,161
94,161
95,161
97,161
100,161
117,161
122,161
137,161
141,161
142,161
143,161
148,161
149,161
4,162
74,162
75,162
93,162
97,162
101,162
125,162
127,162
132,162
138,162
143,162
147,162
150,162
156,162
158,162
159,162
160,162
74,163
75,163
97,163
127,163
132,163
138,163
143,163
147,163
150,163
159,163
160,163
161,163
162,163
22,164
37,164
91,164
92,164
95,164
99,164
130,164
131,164
132,164
138,164
152,164
91,165
95,165
127,165
164,165
19,166
74,166
75,166
89,166
97,166
106,166
123,166
124,166
127,166
130,166
131,166
132,166
138,166
143,166
147,166
150,166
159,166
160,166
162,166
163,166
157,167
19,168
37,168
117,168
123,168
124,168
130,168
131,168
132,168
147,168
151,168
163,168
166,168
137,169
93,170
96,170
101,170
123,170
124,170
135,170
138,170
148,170
158,170
162,170
3,171
170,171
7,172
8,172
41,172
42,172
45,172
78,172
81,172
82,172
100,172
107,172
136,172
144,172
145,172
147,172
71,173
74,173
143,173
156,173
71,174
72,174
173,174
2,175
92,175
106,175
132,175
141,175
146,175
153,175
154,175
7,176
8,176
41,176
42,176
45,176
78,176
81,176
82,176
100,176
107,176
136,176
144,176
145,176
147,176
172,176
2,177
41,177
96,177
100,177
114,177
144,177
145,177
49,178
75,178
98,178
99,178
121,178
147,178
149,178
151,178
114,179
177,179
72,180
174,180
49,181
75,181
98,181
99,181
121,181
135,181
147,181
170,181
178,181
73,182
116,182
122,182
151,182
21,183
93,183
123,183
124,183
147,183
157,183
167,183
71,184
74,184
93,184
143,184
173,184
175,184
179,184
16,185
84,185
108,185
109,185
135,185
19,186
22,186
73,186
76,186
92,186
129,186
130,186
131,186
142,186
19,187
22,187
73,187
76,187
92,187
129,187
130,187
131,187
142,187
186,187
33,188
149,188
83,189
101,189
182,189
73,190
76,190
89,190
118,190
119,190
122,190
123,190
124,190
130,190
131,190
138,190
143,190
149,190
150,190
152,190
155,190
161,190
162,190
163,190
186,190
187,190
1,191
136,191
147,191
161,191
162,191
169,191
183,191
49,192
50,192
75,192
79,192
93,192
98,192
99,192
121,192
147,192
178,192
181,192
40,193
49,193
82,193
93,193
98,193
141,193
158,193
178,193
181,193
192,193
92,194
93,194
101,194
125,194
138,194
157,194
162,194
167,194
170,194
183,194
190,194
23,195
24,195
107,195
71,196
81,196
96,196
138,196
162,196
178,196
190,196
194,196
16,197
19,197
22,197
33,197
41,197
69,197
84,197
94,197
96,197
108,197
109,197
128,197
139,197
142,197
148,197
185,197
194,197
16,198
19,198
22,198
33,198
41,198
69,198
84,198
94,198
96,198
108,198
109,198
128,198
139,198
142,198
148,198
185,198
194,198
197,198
183,199
192,199
193,199
74,200
91,200
96,200
151,200
152,200
155,200
156,200
158,200
163,200
49,201
75,201
99,201
107,201
121,201
178,201
181,201
184,201
192,201
75,202
82,202
99,202
125,202
134,202
136,202
143,202
146,202
158,202
96,203
138,203
162,203
163,203
190,203
194,203
196,203
117,204
138,204
139,204
162,204
163,204
168,204
183,204
190,204
191,204
203,204
74,205
76,205
94,205
122,205
130,205
131,205
132,205
141,205
146,205
148,205
193,205
202,205
16,206
179,206
183,206
184,206
199,206
19,207
71,207
74,207
81,207
92,207
125,207
142,207
161,207
165,207
173,207
184,207
193,207
194,207
197,207
198,207
7,208
8,208
115,208
121,208
128,208
150,208
152,208
89,209
106,209
166,209
76,210
96,210
134,210
151,210
157,210
167,210
175,210
178,210
183,210
194,210
196,210
200,210
7,211
8,211
19,211
34,211
35,211
36,211
42,211
45,211
80,211
137,211
142,211
149,211
158,211
169,211
49,212
50,212
79,212
93,212
192,212
9,213
41,213
49,213
50,213
79,213
80,213
93,213
100,213
144,213
145,213
177,213
192,213
212,213
9,214
41,214
49,214
50,214
79,214
80,214
93,214
100,214
144,214
145,214
177,214
192,214
212,214
213,214
33,215
80,215
115,215
139,215
149,215
188,215
211,215
213,215
214,215
16,216
75,216
82,216
92,216
99,216
125,216
128,216
134,216
136,216
143,216
158,216
194,216
197,216
198,216
202,216
206,216
207,216
117,217
147,217
150,217
152,217
153,217
154,217
155,217
168,217
175,217
190,217
204,217
208,217
210,217
117,218
147,218
150,218
152,218
153,218
154,218
155,218
168,218
175,218
190,218
204,218
208,218
210,218
217,218
75,219
116,219
120,219
136,219
194,219
200,219
201,219
210,219
19,220
81,220
117,220
137,220
142,220
144,220
145,220
149,220
161,220
162,220
207,220
82,221
96,221
138,221
153,221
154,221
162,221
169,221
175,221
190,221
192,221
193,221
194,221
196,221
199,221
203,221
210,221
4,222
79,222
93,222
101,222
108,222
109,222
138,222
162,222
170,222
184,222
190,222
191,222
194,222
196,222
203,222
221,222
4,223
79,223
93,223
101,223
108,223
109,223
138,223
162,223
170,223
184,223
190,223
191,223
194,223
196,223
203,223
221,223
222,223
71,224
74,224
147,224
168,224
173,224
179,224
184,224
201,224
206,224
207,224
219,224
7,225
8,225
22,225
34,225
35,225
36,225
42,225
45,225
80,225
81,225
185,225
211,225
7,226
8,226
22,226
34,226
35,226
36,226
42,226
45,226
80,226
81,226
185,226
211,226
225,226
73,227
74,227
116,227
122,227
147,227
165,227
182,227
200,227
201,227
222,227
223,227
225,227
226,227
49,228
50,228
79,228
93,228
96,228
99,228
101,228
123,228
124,228
138,228
141,228
162,228
164,228
170,228
184,228
192,228
193,228
194,228
212,228
213,228
214,228
222,228
223,228
49,229
50,229
79,229
93,229
96,229
99,229
101,229
123,229
124,229
138,229
141,229
162,229
164,229
170,229
184,229
192,229
193,229
194,229
212,229
213,229
214,229
222,229
223,229
228,229
91,230
92,230
118,230
119,230
130,230
131,230
152,230
155,230
167,230
183,230
186,230
187,230
200,230
210,230
219,230
92,231
125,231
150,231
152,231
155,231
190,231
194,231
197,231
198,231
207,231
216,231
217,231
218,231
74,232
116,232
117,232
143,232
148,232
155,232
158,232
164,232
167,232
168,232
170,232
173,232
183,232
184,232
191,232
194,232
204,232
217,232
218,232
227,232
230,232
231,232
71,233
74,233
142,233
161,233
173,233
174,233
184,233
194,233
197,233
198,233
207,233
216,233
224,233
231,233
21,234
49,234
91,234
93,234
98,234
117,234
123,234
124,234
128,234
142,234
151,234
165,234
178,234
181,234
183,234
192,234
193,234
211,234
216,234
217,234
218,234
232,234
233,234
75,235
89,235
95,235
99,235
116,235
134,235
136,235
143,235
146,235
181,235
202,235
216,235
222,235
223,235
227,235
232,235
91,236
92,236
118,236
119,236
130,236
131,236
151,236
152,236
156,236
168,236
186,236
187,236
200,236
227,236
230,236
16,237
22,237
84,237
96,237
108,237
109,237
117,237
128,237
161,237
185,237
197,237
198,237
221,237
1,238
37,238
71,238
93,238
117,238
129,238
134,238
167,238
168,238
183,238
191,238
194,238
204,238
207,238
217,238
218,238
228,238
229,238
232,238
143,239
151,239
175,239
194,239
210,239
219,239
21,240
41,240
75,240
82,240
93,240
94,240
99,240
123,240
124,240
128,240
148,240
158,240
183,240
197,240
198,240
202,240
207,240
216,240
217,240
218,240
232,240
234,240
21,241
49,241
82,241
92,241
98,241
101,241
125,241
127,241
129,241
158,241
178,241
181,241
185,241
192,241
193,241
194,241
197,241
198,241
207,241
216,241
221,241
231,241
233,241
234,241
21,242
93,242
96,242
101,242
120,242
123,242
124,242
170,242
177,242
183,242
188,242
196,242
203,242
221,242
228,242
229,242
234,242
240,242
73,243
81,243
91,243
93,243
95,243
96,243
116,243
122,243
164,243
165,243
182,243
184,243
186,243
187,243
196,243
201,243
219,243
222,243
223,243
227,243
228,243
229,243
16,244
38,244
71,244
121,244
128,244
194,244
196,244
202,244
206,244
207,244
208,244
216,244
234,244
238,244
240,244
3,245
6,245
21,245
101,245
117,245
127,245
129,245
134,245
168,245
175,245
183,245
191,245
202,245
204,245
217,245
218,245
231,245
232,245
238,245
241,245
244,245
21,246
75,246
82,246
98,246
99,246
157,246
158,246
193,246
202,246
216,246
217,246
218,246
232,246
234,246
240,246
241,246
7,247
8,247
33,247
34,247
35,247
36,247
37,247
42,247
45,247
69,247
70,247
80,247
81,247
82,247
91,247
94,247
95,247
108,247
109,247
118,247
119,247
139,247
148,247
172,247
176,247
197,247
198,247
211,247
225,247
226,247
19,248
95,248
123,248
124,248
148,248
151,248
155,248
156,248
166,248
168,248
200,248
203,248
204,248
205,248
19,249
74,249
76,249
81,249
123,249
124,249
125,249
142,249
161,249
166,249
168,249
186,249
187,249
197,249
198,249
207,249
211,249
220,249
248,249
7,250
8,250
34,250
35,250
36,250
41,250
42,250
45,250
80,250
91,250
94,250
148,250
158,250
184,250
211,250
225,250
226,250
243,250
247,250
23,251
24,251
159,251
160,251
163,251
181,251
207,251
250,251
75,252
82,252
91,252
93,252
96,252
99,252
128,252
134,252
136,252
143,252
149,252
158,252
184,252
186,252
187,252
197,252
198,252
202,252
216,252
228,252
229,252
234,252
235,252
237,252
240,252
243,252
244,252
246,252
250,252
16,253
22,253
84,253
96,253
108,253
109,253
126,253
128,253
135,253
152,253
162,253
164,253
184,253
197,253
198,253
233,253
237,253
250,253
252,253
16,254
22,254
84,254
96,254
108,254
109,254
126,254
128,254
135,254
152,254
162,254
164,254
184,254
197,254
198,254
233,254
237,254
250,254
252,254
253,254
4,255
19,255
20,255
21,255
29,255
37,255
38,255
62,255
117,255
123,255
124,255
143,255
147,255
148,255
151,255
166,255
168,255
204,255
217,255
218,255
232,255
238,255
239,255
245,255
246,255
248,255
249,255
44,256
74,256
163,256
170,256
174,256
179,256
200,256
21,257
101,257
127,257
129,257
147,257
173,257
183,257
185,257
191,257
204,257
232,257
238,257
241,257
245,257
21,258
101,258
127,258
129,258
147,258
173,258
183,258
191,258
204,258
232,258
238,258
241,258
245,258
257,258
19,259
81,259
116,259
137,259
138,259
142,259
148,259
158,259
161,259
167,259
170,259
203,259
204,259
207,259
211,259
220,259
232,259
235,259
236,259
248,259
249,259
49,260
50,260
72,260
93,260
135,260
174,260
180,260
192,260
212,260
213,260
214,260
228,260
229,260
3,261
6,261
21,261
72,261
101,261
127,261
129,261
135,261
171,261
174,261
179,261
180,261
241,261
245,261
247,261
257,261
258,261
260,261
71,262
75,262
82,262
83,262
99,262
121,262
147,262
178,262
181,262
192,262
221,262
241,262
4,263
21,263
40,263
43,263
71,263
127,263
140,263
162,263
191,263
207,263
220,263
222,263
223,263
33,264
137,264
139,264
149,264
169,264
173,264
177,264
211,264
215,264
257,264
258,264
7,265
8,265
34,265
35,265
36,265
40,265
42,265
45,265
70,265
71,265
81,265
82,265
94,265
95,265
136,265
148,265
172,265
174,265
176,265
221,265
233,265
241,265
247,265
262,265
263,265
1,266
135,266
138,266
162,266
170,266
181,266
194,266
222,266
223,266
1,267
19,267
37,267
123,267
124,267
125,267
164,267
166,267
168,267
173,267
248,267
249,267
255,267
7,268
8,268
42,268
45,268
172,268
176,268
7,269
8,269
42,269
45,269
172,269
176,269
268,269
7,270
8,270
33,270
34,270
35,270
36,270
42,270
45,270
69,270
80,270
91,270
93,270
108,270
109,270
118,270
119,270
134,270
135,270
139,270
141,270
146,270
193,270
197,270
198,270
202,270
211,270
225,270
226,270
228,270
229,270
235,270
247,270
250,270
91,271
130,271
131,271
132,271
168,271
173,271
185,271
252,271
266,271
267,271
21,272
40,272
43,272
71,272
140,272
185,272
263,272
265,272
270,272
168,273
179,273
184,273
186,273
187,273
191,273
206,273
224,273
257,273
258,273
266,273
270,273
271,273
272,273
185,274
185,275
274,275
185,276
274,276
275,276
83,277
101,277
182,277
189,277
69,278
74,278
76,278
92,278
94,278
130,278
131,278
132,278
141,278
146,278
161,278
163,278
182,278
191,278
200,278
205,278
256,278
19,279
123,279
124,279
142,279
147,279
148,279
166,279
168,279
169,279
179,279
183,279
191,279
202,279
217,279
218,279
248,279
249,279
255,279
257,279
258,279
267,279
273,279
41,280
100,280
184,280
233,280
250,280
270,280
165,281
26,282
89,282
93,282
97,282
106,282
166,282
184,282
209,282
222,282
223,282
228,282
229,282
243,282
252,282
26,283
89,283
93,283
97,283
106,283
166,283
184,283
209,283
222,283
223,283
228,283
229,283
243,283
252,283
282,283
7,284
8,284
42,284
45,284
89,284
106,284
136,284
166,284
172,284
176,284
209,284
234,284
265,284
282,284
283,284
138,286
158,286
162,286
163,286
190,286
203,286
204,286
205,286
246,286
247,286
250,286
252,286
268,286
269,286
37,287
91,287
138,287
151,287
152,287
156,287
158,287
162,287
179,287
184,287
200,287
206,287
224,287
231,287
232,287
236,287
245,287
247,287
273,287
1,288
74,288
135,288
138,288
162,288
170,288
181,288
192,288
194,288
222,288
223,288
262,288
266,288
75,289
76,289
82,289
91,289
96,289
99,289
107,289
128,289
158,289
167,289
197,289
198,289
200,289
202,289
216,289
221,289
234,289
237,289
240,289
244,289
246,289
250,289
252,289
253,289
254,289
286,289
21,290
92,290
132,290
141,290
143,290
146,290
164,290
175,290
186,290
187,290
194,290
219,290
230,290
236,290
239,290
240,290
255,290
7,291
8,291
34,291
35,291
36,291
42,291
43,291
45,291
70,291
74,291
75,291
82,291
94,291
95,291
97,291
127,291
132,291
144,291
145,291
146,291
147,291
148,291
150,291
151,291
155,291
159,291
160,291
161,291
162,291
163,291
166,291
202,291
220,291
232,291
235,291
247,291
265,291
270,291
7,292
8,292
34,292
35,292
36,292
42,292
43,292
45,292
70,292
74,292
75,292
82,292
94,292
95,292
97,292
127,292
132,292
144,292
145,292
146,292
147,292
148,292
150,292
151,292
155,292
159,292
160,292
161,292
162,292
163,292
166,292
202,292
220,292
232,292
235,292
247,292
265,292
270,292
291,292
74,293
75,293
93,293
97,293
101,293
127,293
138,293
143,293
147,293
150,293
162,293
163,293
166,293
167,293
170,293
173,293
174,293
183,293
184,293
190,293
194,293
196,293
201,293
203,293
204,293
207,293
221,293
222,293
223,293
228,293
229,293
232,293
238,293
260,293
261,293
266,293
286,293
288,293
291,293
292,293
71,294
135,294
173,294
174,294
184,294
202,294
206,294
233,294
265,294
266,294
270,294
279,294
280,294
44,295
75,295
93,295
97,295
100,295
101,295
127,295
138,295
147,295
150,295
153,295
154,295
162,295
163,295
166,295
170,295
174,295
190,295
194,295
196,295
203,295
204,295
221,295
222,295
223,295
228,295
229,295
256,295
260,295
261,295
286,295
291,295
292,295
293,295
75,296
93,296
96,296
101,296
121,296
123,296
124,296
138,296
147,296
162,296
164,296
170,296
178,296
181,296
192,296
194,296
222,296
223,296
228,296
229,296
242,296
262,296
293,296
295,296
7,297
8,297
33,297
34,297
35,297
36,297
40,297
41,297
42,297
45,297
70,297
82,297
94,297
95,297
100,297
141,297
148,297
161,297
239,297
247,297
263,297
265,297
271,297
272,297
280,297
291,297
292,297
7,298
8,298
33,298
34,298
35,298
36,298
41,298
42,298
45,298
70,298
75,298
82,298
94,298
95,298
98,298
99,298
100,298
134,298
136,298
143,298
146,298
148,298
158,298
161,298
181,298
193,298
202,298
216,298
221,298
235,298
240,298
241,298
246,298
247,298
252,298
261,298
265,298
270,298
289,298
291,298
292,298
297,298
7,299
8,299
19,299
33,299
34,299
35,299
36,299
41,299
42,299
45,299
69,299
70,299
80,299
82,299
94,299
95,299
100,299
108,299
109,299
117,299
139,299
142,299
147,299
148,299
161,299
191,299
197,299
198,299
211,299
225,299
226,299
240,299
247,299
249,299
250,299
265,299
270,299
291,299
292,299
296,299
297,299
298,299
21,300
49,300
75,300
82,300
98,300
99,300
101,300
121,300
127,300
129,300
147,300
178,300
181,300
185,300
192,300
193,300
201,300
221,300
234,300
239,300
241,300
245,300
257,300
258,300
261,300
262,300
265,300
289,300
296,300
298,300
49,301
75,301
82,301
94,301
99,301
121,301
147,301
148,301
158,301
168,301
178,301
181,301
192,301
197,301
198,301
201,301
202,301
209,301
216,301
224,301
239,301
240,301
246,301
252,301
262,301
273,301
289,301
296,301
298,301
299,301
300,301
49,302
50,302
72,302
79,302
93,302
98,302
128,302
178,302
181,302
192,302
193,302
212,302
213,302
214,302
216,302
228,302
229,302
234,302
240,302
241,302
244,302
252,302
260,302
289,302
300,302
21,303
75,303
82,303
93,303
99,303
123,303
124,303
128,303
134,303
136,303
143,303
158,303
183,303
188,303
202,303
216,303
234,303
235,303
240,303
242,303
244,303
246,303
252,303
289,303
298,303
301,303
302,303
16,304
21,304
33,304
69,304
84,304
93,304
100,304
108,304
109,304
123,304
124,304
139,304
174,304
183,304
185,304
197,304
198,304
234,304
237,304
240,304
242,304
247,304
253,304
254,304
270,304
299,304
303,304
41,305
49,305
50,305
79,305
80,305
93,305
100,305
144,305
145,305
177,305
192,305
212,305
213,305
214,305
222,305
223,305
228,305
229,305
244,305
260,305
302,305
33,306
117,306
139,306
149,306
161,306
188,306
291,306
292,306
297,306
298,306
299,306
7,307
8,307
33,307
34,307
35,307
36,307
41,307
42,307
43,307
45,307
70,307
82,307
94,307
95,307
100,307
117,307
148,307
161,307
165,307
182,307
200,307
247,307
265,307
278,307
291,307
292,307
297,307
298,307
299,307
306,307
