#module 0 size: 31 bs: 0.00950249
26 73 83 89 103 104 105 106 110 111 113 116 122 133 143 149 161 165 166 182 189 190 209 219 227 243 277 281 282 283 284 
#module 1 size: 39 bs: 1.11022e-16
3 4 5 6 9 10 11 12 17 20 25 27 28 29 30 31 32 38 51 52 53 54 55 56 57 58 59 60 61 62 63 64 65 66 67 68 171 239 255 
#module 2 size: 88 bs: 0.0674202
21 48 49 50 72 74 75 79 82 93 96 97 98 99 101 120 121 123 124 127 129 132 134 135 136 138 143 147 150 158 159 160 162 163 164 166 170 174 178 180 181 190 192 193 194 196 199 201 202 203 212 213 214 216 221 222 223 228 229 234 235 240 241 242 244 245 246 252 257 258 260 261 262 266 286 288 289 291 292 293 295 296 298 300 301 302 303 305 
#module 3 size: 142 bs: 0.0665728
2 7 8 16 19 22 23 24 33 34 35 36 40 41 42 43 44 45 46 69 70 71 74 75 78 80 81 82 84 85 86 87 88 91 94 95 97 99 100 107 108 109 112 114 115 118 119 126 127 128 132 134 136 137 139 140 142 143 144 145 147 148 149 150 153 154 158 159 160 161 162 163 166 169 172 173 174 176 177 179 184 185 188 195 197 198 202 206 207 211 213 214 215 216 220 224 225 226 233 235 237 240 244 246 247 249 250 251 252 253 254 256 259 263 264 265 268 269 270 272 273 274 275 276 280 284 287 289 291 292 293 294 295 297 298 299 301 303 304 305 306 307 
#module 4 size: 56 bs: 0.0152953
1 19 37 76 90 91 92 117 118 119 123 124 125 130 131 141 146 150 151 152 155 156 157 166 167 168 175 183 186 187 190 191 200 204 205 208 210 217 218 230 231 232 236 238 245 248 249 255 257 258 267 271 278 279 287 290 


NMI 0.265661311277
