3 1
10 2
11 2
13 1
16 1
19 1
20 1
21 2
41 1
42 1
44 2
48 1
49 1
53 1
54 1
63 1
64 1
66 1
69 2
73 1
75 2
77 1
78 1
79 1
81 1
83 1
88 1
90 1
91 1
96 1
100 1
104 1
106 1
109 1
110 1
136 1
141 2
142 2
145 2
146 1
151 2
156 2
163 2
168 2
170 2
174 2
175 2
182 2
184 2
191 2
196 2
200 2
204 2
205 2
207 2
209 2
211 2
213 2
215 2
216 2
217 2
218 2
219 2
222 2
224 2
226 2
230 2
234 2
237 2
238 2
247 2
252 2
253 2
258 2
260 2
262 2
264 2
265 2
266 2
267 2
275 2
276 2
277 2
281 2
286 2
300 1
308 1
312 1
313 1
338 1
340 1
356 1
358 1
359 1
361 1
362 1
377 1
381 1
382 1
391 1
393 1
396 1
404 1
407 2
409 1
413 1
415 1
425 1
427 1
430 1
434 1
445 1
449 1
459 2
461 1
468 1
472 2
473 2
474 2
484 1
492 1
504 2
506 2
508 2
519 1
530 2
531 1
541 1
542 1
545 1
546 1
548 1
555 2
556 2
559 1
562 1
569 2
570 2
571 2
572 2
573 2
577 1
580 1
581 1
583 1
587 1
588 1
593 1
597 2
602 2
606 2
612 2
616 2
617 2
620 2
622 2
623 2
624 2
631 2
632 2
635 2
638 2
639 2
640 2
642 2
643 1
653 1
655 1
656 1
657 1
661 1
664 2
665 1
666 1
670 1
672 1
679 2
681 2
682 2
684 2
687 2
688 2
690 2
692 1
694 1
702 1
705 1
707 1
709 1
712 2
714 2
718 1
720 1
728 1
729 1
730 1
737 1
738 1
742 1
743 1
744 1
748 1
749 1
750 1
758 1
761 1
766 1
767 1
771 1
775 1
781 1
783 1
785 1
789 1
797 1
810 1
812 1
815 1
820 1
821 1
825 2
826 2
831 2
832 1
833 1
838 1
841 2
843 2
847 2
852 2
855 2
858 2
860 1
863 1
864 1
865 1
866 1
870 2
871 2
876 2
877 2
884 1
885 1
886 1
888 1
891 1
893 1
894 1
895 1
900 1
905 1
907 1
913 2
914 2
916 1
920 2
921 2
923 2
925 2
926 2
930 2
931 1
935 2
937 2
939 2
940 2
941 2
943 2
946 2
947 2
951 2
953 2
958 2
961 2
962 2
963 2
968 1
975 1
977 1
984 1
985 1
986 1
995 1
999 1
1000 1
1004 1
1006 1
1008 1
1011 1
1015 2
1020 2
1021 2
1022 2
1023 2
1033 1
1035 2
1041 2
1045 2
1047 1
1049 1
1053 1
1054 1
1055 1
1058 1
1059 1
1064 1
1067 1
1072 1
1075 1
1078 1
1080 1
1081 1
1085 1
1094 1
1099 1
1104 2
1111 2
1114 1
1115 1
1118 2
1119 1
1120 1
1121 2
1123 2
1132 1
1136 1
1140 1
1152 1
1155 1
1159 1
1177 1
1184 1
1186 1
1196 1
1207 1
1208 1
1215 1
1216 1
1217 1
1219 1
1222 1
1233 2
1234 2
1236 2
1237 2
1241 2
1243 2
1246 2
1251 2
1252 2
1254 2
1257 2
1258 2
1261 2
1262 2
1263 2
1266 2
1269 2
1270 2
1273 2
1278 2
1279 2
1284 2
1286 2
1290 2
1293 2
1294 2
1297 2
1298 1
1302 1
1303 1
1304 1
1305 1
1307 1
1316 1
1326 1
1334 1
1336 1
1337 1
1338 1
1348 1
1350 1
1353 1
1356 1
1357 1
1363 1
1365 1
1372 1
1380 1
1397 1
1414 1
1427 2
1428 2
1431 2
1432 2
1433 2
1435 2
1438 2
1443 2
1447 2
1448 2
1450 2
1452 2
1463 1
1465 1
1473 1
1477 1
1479 1
1481 1
1484 1
1485 1
1487 1
1488 1
1493 1
1494 1
1496 2
1499 1
1500 1
1507 1
1515 1
1520 1
1525 1
1531 1
1532 1
1535 1
1538 2
1548 1
1550 1
1559 1
1563 1
1566 1
1569 1
1572 1
1576 1
1577 2
1582 1
1589 1
1602 1
1603 1
1605 1
1612 1
1615 1
1618 1
1621 1
1625 1
1630 1
1631 1
1633 1
1636 1
1640 1
1643 1
1649 1
1666 1
1667 1
1670 1
1672 2
1681 1
1682 1
1683 1
1686 1
1687 2
1690 2
1691 2
1695 2
1701 2
1702 2
1704 2
1706 2
1707 2
1709 2
1713 2
1715 2
1716 2
1717 1
1722 1
1725 2
1730 2
1734 2
1739 2
1744 1
1747 1
1755 1
1757 1
1758 1
1761 1
1767 1
1770 1
1772 1
1776 1
1783 2
1785 2
1786 2
1791 1
1792 1
1793 1
1797 1
1798 1
1801 2
1802 1
1807 1
1812 1
1828 1
1841 1
1846 2
1854 2
1857 2
1861 2
1878 1
1881 1
1886 1
1887 1
1892 1
1897 1
1900 1
1910 1
1914 1
1920 1
1930 1
1931 1
1933 1
1953 1
1955 1
1962 1
1963 1
1966 1
1970 1
1978 1
1980 1
1982 1
1988 1
1989 1
1990 1
1995 1
1996 1
1997 1
2000 1
2004 1
2012 2
2016 2
2018 2
2020 2
2028 2
2032 2
2033 2
2036 2
2041 2
2051 2
2053 2
2056 2
2058 1
2063 2
2066 2
2068 2
2070 1
2073 1
2077 1
2078 1
2090 1
2093 1
2094 1
2097 1
2103 2
2105 2
2107 1
2109 1
2117 1
2120 1
2126 1
2128 1
2129 1
2131 2
2137 1
2141 2
2142 2
2144 2
2148 2
2149 2
2151 2
2153 2
2155 2
2157 2
2158 2
2159 2
2166 1
2167 2
2168 1
2171 1
2176 1
2179 1
2180 1
2182 2
2191 1
2192 1
2193 1
2197 2
2199 2
2200 2
2205 1
2215 1
2217 1
2218 1
2220 1
2228 1
2231 2
2232 2
2235 1
2237 2
2238 2
2239 2
2240 2
2242 2
2244 2
2258 2
2260 2
2261 2
2264 1
2266 2
2268 2
2270 2
2274 2
2275 2
2280 2
2281 2
2289 1
2293 2
2295 2
2301 2
2305 1
2319 1
2320 1
2321 1
2326 1
2331 1
2334 1
2337 1
2341 1
2348 1
2358 1
2374 1
2377 1
2380 1
2385 1
2390 1
2393 1
2395 1
2401 1
2402 1
2403 1
2414 1
2415 1
2420 1
2424 1
2428 1
2430 1
2435 1
2436 1
2444 1
2447 1
2450 1
2457 1
2458 1
2460 1
2462 1
2493 2
2494 2
2497 2
2498 2
2504 2
2505 2
2511 1
2520 1
2521 1
2533 1
2534 2
2540 1
2542 1
2545 1
2553 1
2564 2
2566 1
2568 2
2571 1
2578 1
2580 1
2582 2
2602 1
2606 1
2609 1
2615 1
2622 1
2623 1
2628 1
2629 1
2630 1
2631 1
2636 1
2637 1
2643 1
2646 1
2648 1
2653 1
2657 1
2658 1
2659 1
2664 1
2668 1
2671 1
2676 1
2683 1
2686 1
2687 1
2688 1
2691 1
2697 1
2699 1
2707 1
2709 1
2712 1
2713 1
2720 1
2721 1
2722 1
2723 1
2726 1
2732 1
2733 1
2736 1
2744 1
2745 1
2747 1
2754 1
2759 1
2760 1
2762 1
2767 1
2788 2
2792 2
2793 2
2794 2
2796 1
2799 1
2805 1
2807 1
2812 2
2814 2
2820 2
2823 1
2826 1
2833 1
2840 1
2852 1
2854 2
2855 2
2858 2
2870 2
2876 2
2882 2
2886 2
2890 2
2891 2
2893 2
2894 2
2897 2
2898 2
2899 2
2901 2
2903 2
2904 2
2908 1
2910 1
2911 1
2914 1
2919 1
2920 1
2922 1
2924 1
2926 1
2948 1
2955 2
2957 2
2958 2
2959 2
2963 2
2975 1
2976 1
2983 2
2984 2
2991 1
2994 1
2998 1
3000 1
3001 1
3005 2
3027 1
3032 1
3033 1
3034 1
3036 1
3037 1
3047 1
3048 1
3053 1
3054 1
3055 1
3064 1
3067 1
3072 1
3091 2
3092 2
3093 2
3094 2
3095 2
3100 2
3101 2
3107 1
3119 1
3122 1
3130 1
3147 1
3151 1
3153 1
3155 1
3167 1
3176 1
3181 1
3182 1
3185 1
3188 1
3189 1
3190 1
3193 1
3198 1
3199 1
3206 2
3212 2
3213 2
3219 2
3220 2
3222 2
3226 2
3227 2
3228 2
3230 2
3236 2
3238 2
3242 2
3243 2
3244 2
3245 2
3246 1
3255 1
3260 1
3262 1
3269 1
3275 1
3283 1
3286 1
3288 1
3291 1
3298 1
3305 1
3316 1
3317 1
3338 1
3344 1
3346 1
3350 1
3352 1
3358 1
3371 1
3373 1
3374 1
3380 1
3388 1
3389 1
3392 1
3397 1
3403 1
3408 1
3409 1
3410 1
3414 2
3416 2
3418 2
3426 1
3430 2
3432 2
3434 2
3438 2
3442 2
3445 2
3449 2
3458 2
3459 2
3461 2
3465 2
3469 2
3472 2
3474 2
3482 2
3483 2
3484 2
3488 2
3494 2
3495 2
3496 2
3499 2
3503 2
3504 2
3507 2
3509 1
3510 2
3548 1
3550 1
3553 2
3558 2
3563 1
3568 2
3569 2
3572 2
3581 2
3583 2
3587 2
3589 2
3590 2
3592 2
3596 2
3597 2
3600 2
3604 2
3608 2
3609 2
3610 2
3611 2
3614 2
3616 2
3617 2
3621 2
3625 2
3627 2
3637 2
3638 1
3639 2
3641 2
3643 2
3648 2
3658 2
3661 2
3673 1
3679 1
3684 2
3686 1
3688 2
3690 1
3696 1
3703 2
3705 2
3707 2
3708 2
3717 1
3718 1
3725 2
3728 2
3730 2
3734 2
3739 2
3747 2
3748 2
3752 2
3754 1
3755 1
3757 1
3769 1
3773 1
3775 1
3777 2
3780 1
3783 2
3795 2
3799 2
3800 2
3804 1
3806 1
3813 1
3825 1
3827 1
3828 1
3834 1
3835 1
3839 1
3843 1
3850 1
3852 1
3857 1
3860 1
3861 1
3862 2
3863 2
3865 1
3872 1
3878 1
3890 1
3901 1
3910 1
3911 1
3927 1
3928 1
3950 2
3952 2
3961 1
3966 1
3969 1
3970 1
3975 1
3982 1
3985 1
3986 1
3990 1
4003 1
4011 1
4012 1
4020 1
4021 1
4023 1
4024 1
4025 1
4031 1
4035 1
4037 1
4041 1
4059 1
4065 1
4067 1
4071 1
4072 1
4081 1
4082 1
4084 1
4089 1
4092 1
4093 1
4094 1
4096 1
4097 1
4108 1
4113 1
4123 1
4124 1
4132 1
4139 2
4151 1
4152 1
4154 1
4163 1
4172 1
4175 1
4177 1
4183 1
4186 1
4190 1
4191 1
4194 1
4198 1
4204 1
4207 1
4211 1
4217 1
4218 1
4222 1
4230 1
4233 1
4235 1
4237 1
4239 1
4242 1
4249 1
4252 1
4253 1
4265 2
4268 1
4271 1
4272 1
4273 2
4277 1
4281 1
4283 1
4284 1
4285 1
4294 1
4295 1
4300 1
4302 1
4307 1
4318 1
4326 1
4328 1
4330 1
4337 1
4345 1
4354 1
4355 1
4357 1
4360 1
4367 1
4377 1
4388 1
4391 1
4394 1
4396 1
4404 1
4405 2
4407 1
4408 1
4409 1
4412 1
4414 1
4432 1
4436 1
4441 1
4455 2
4458 2
4459 2
4460 2
4462 1
4470 1
4480 2
4481 2
4482 1
4485 2
4490 1
4493 1
4495 2
4496 2
4503 2
4510 2
4515 1
4521 1
4525 1
4527 2
4529 1
4531 1
4532 1
4540 1
4541 2
4544 2
4548 1
4549 1
4550 1
4556 1
4558 1
4571 1
4574 1
4588 1
4590 1
4595 1
4597 1
4610 1
4618 1
4623 1
4629 1
4633 1
4646 1
4649 1
4652 1
4653 1
4654 1
4657 1
4664 1
4668 1
4679 1
4681 1
4690 1
4691 1
4694 1
4707 1
4708 1
4713 1
4719 2
4720 1
4721 1
4723 2
4724 1
4725 2
4727 1
4730 2
4735 2
4736 2
4748 2
4750 2
4756 2
4764 1
4772 2
4781 1
4791 2
4792 2
4794 2
4803 2
4806 2
4814 2
4816 2
4820 2
4821 2
4822 2
4823 2
4824 2
4833 1
4834 1
4845 2
4848 2
4849 2
4861 1
4865 1
4868 1
4870 1
4874 1
4880 1
4891 1
4892 1
4894 1
4896 1
4900 1
4901 1
4912 1
4923 1
4937 1
4939 1
4945 1
4946 1
4947 1
4949 1
4955 1
4956 1
4961 1
4963 1
4964 1
4965 1
4967 1
4981 1
4983 1
4984 1
4995 1
5003 2
5006 2
5008 2
5011 2
5015 1
5020 1
5025 1
5026 1
5027 1
5031 1
5034 1
5049 1
5059 1
5064 1
5065 1
5069 1
5070 1
5071 1
5073 1
5075 1
5077 1
5082 1
5092 1
5100 1
5109 1
5118 1
5121 1
5122 1
5125 1
5128 1
5130 1
5133 1
5134 2
5136 2
5138 2
5139 2
5140 2
5143 1
5144 2
5157 1
5160 1
5162 1
5168 1
5169 1
5185 1
5192 1
5195 1
5196 1
5198 1
5203 1
5204 1
5208 1
5211 1
5212 1
5215 2
5216 2
5217 2
5219 1
5223 1
5225 1
5227 1
5232 1
5233 1
5237 1
5238 1
5243 1
5248 1
5258 1
5259 1
5263 1
5272 1
5285 1
5286 1
5288 2
5290 1
5303 1
5304 1
5312 1
5316 1
5321 1
5324 1
5328 1
5339 1
5342 2
5343 2
5347 2
5348 2
5359 2
5367 1
5368 1
5376 1
5383 1
5385 1
5400 1
5401 1
5416 1
5417 1
5420 1
5421 2
5422 1
5425 1
5431 1
5432 1
5434 1
5436 1
5441 1
5443 1
5447 1
5449 1
5451 1
5456 1
5460 1
5464 1
5466 1
5467 1
5468 1
5474 1
5479 1
5485 2
5488 2
5493 2
5498 2
5507 1
5512 1
5516 1
5523 2
5524 2
5528 1
5529 2
5531 2
5539 2
5542 2
5551 2
5557 2
5558 2
5559 2
5560 2
5569 1
5577 1
5578 1
5597 1
5605 2
5606 2
5613 1
5616 1
5623 1
5627 2
5635 1
5641 2
5647 2
5650 2
5652 2
5653 2
5656 2
5657 2
5660 1
5666 1
5671 2
5673 2
5678 1
5679 1
5691 2
5695 1
5702 1
5712 2
5713 2
5716 2
5719 2
5724 1
5732 1
5733 1
5735 1
5737 1
5740 1
5743 1
5744 1
5747 1
5748 1
5754 1
5766 2