0	49	5
0	101	6
0	233	5
1	80	3
1	88	7
1	145	6
1	233	3
1	237	1
1	250	3
2	186	4
2	234	2
2	236	4
2	240	2
3	49	4
3	227	3
5	129	6
5	163	6
6	7	4
6	8	6
6	257	4
8	10	3
8	84	3
8	204	5
8	229	3
9	205	2
9	238	2
9	265	2
10	11	6
10	12	3
10	66	3
10	84	2
10	229	2
11	23	7
12	54	5
12	66	3
13	14	3
13	211	3
14	92	3
14	111	4
14	131	3
14	211	3
17	42	4
17	225	3
17	247	1
18	89	1
18	161	3
18	225	3
18	253	4
18	256	1
23	159	5
26	27	6
26	28	5
27	84	4
27	156	3
30	98	5
32	33	7
33	45	6
33	89	5
36	258	6
37	244	5
40	83	4
40	91	5
40	201	5
40	227	3
42	225	3
42	247	1
44	92	4
44	235	4
44	240	5
45	89	4
45	206	4
45	207	6
45	212	3
45	213	5
45	260	1
46	47	5
47	244	1
47	260	2
48	58	1
48	204	1
48	212	1
48	228	3
48	242	2
48	248	4
48	252	2
49	228	3
50	222	3
50	228	3
53	255	6
54	57	4
55	210	2
55	226	3
55	230	2
55	251	5
56	74	4
56	235	2
58	59	4
58	60	4
58	204	1
58	212	1
58	242	1
58	252	2
59	216	3
62	203	6
62	235	3
64	65	5
64	66	4
66	232	3
68	111	4
68	131	1
74	75	6
74	235	2
75	101	1
75	107	6
75	257	2
80	81	4
80	233	2
80	237	1
80	250	2
83	229	3
83	230	2
83	261	2
84	156	3
84	229	2
89	116	2
89	129	2
89	161	3
89	253	2
89	256	2
92	131	2
92	211	2
92	212	2
92	228	2
95	213	5
95	253	5
96	103	5
96	213	4
96	251	2
99	103	7
101	102	5
101	257	2
103	258	6
106	252	4
108	163	4
111	131	1
115	188	5
116	129	2
116	161	2
116	212	3
116	264	1
129	130	3
129	161	2
132	216	3
133	205	3
156	262	3
161	225	2
161	256	1
172	173	5
186	234	2
186	240	2
201	233	1
201	266	3
202	203	10
202	216	3
203	216	5
204	212	3
204	242	1
204	252	1
204	254	5
205	230	2
205	233	2
205	238	5
205	265	2
206	212	3
206	227	3
206	238	8
206	260	1
207	208	5
207	223	6
207	227	4
209	210	3
210	229	2
210	230	2
210	245	3
211	212	6
211	228	2
212	228	2
212	242	1
212	252	1
212	260	1
212	264	1
213	214	6
213	220	3
213	226	1
213	241	1
213	242	3
213	258	1
213	261	4
214	226	3
214	241	3
215	261	5
216	224	10
217	226	5
217	259	1
218	219	14
220	237	3
220	242	8
220	249	4
220	251	1
220	258	1
221	222	4
222	249	5
223	246	5
225	247	1
225	256	1
226	241	2
226	259	1
227	238	4
229	245	3
230	233	1
230	238	2
230	261	2
231	236	2
233	237	1
233	238	2
233	250	2
233	266	3
234	240	3
237	242	4
237	249	3
237	250	1
237	251	1
237	258	1
237	263	4
238	265	2
239	258	9
239	263	1
240	243	5
241	247	3
241	262	3
242	248	2
242	249	5
242	251	1
242	252	2
242	258	1
243	264	2
244	247	2
244	257	2
244	260	2
246	265	4
249	251	1
252	261	4
254	265	3
255	257	3
258	262	4
258	263	9
267	268	1
269	270	1
271	272	1
