1	6	1
1	17	2
1	28	1
1	36	1
1	37	2
1	40	1
2	11	1
2	13	1
2	14	1
2	22	1
2	34	2
2	38	3
2	40	1
6	23	1
6	26	1
6	28	7
6	36	2
6	40	2
6	48	3
6	50	8
7	8	3
7	25	3
8	25	3
9	10	3
9	11	4
9	12	2
9	18	1
9	36	1
9	49	3
10	16	1
10	21	1
10	22	1
10	25	1
10	27	4
10	32	5
10	35	3
10	36	4
11	14	4
11	18	9
11	20	2
11	22	1
11	30	7
11	31	2
11	34	2
11	40	1
11	48	6
12	30	6
12	48	4
13	38	11
13	43	2
13	44	2
14	18	3
14	22	1
14	34	2
14	40	6
14	44	1
14	46	3
15	16	6
15	32	1
16	21	1
16	22	1
16	25	1
16	32	4
16	37	3
17	21	4
17	29	2
17	42	2
19	28	6
19	36	4
20	31	7
20	36	1
20	47	1
21	22	4
21	25	1
21	32	3
22	25	1
22	32	3
22	34	1
22	36	3
22	40	3
23	50	7
24	25	7
25	32	3
26	39	4
26	48	5
26	50	3
27	36	3
27	47	4
28	36	6
28	40	2
28	48	3
28	50	1
29	42	1
29	46	3
29	47	3
30	37	4
30	48	1
31	36	3
31	46	1
31	47	3
33	45	8
34	35	4
34	40	1
35	36	1
35	48	4
36	40	3
36	46	4
36	47	4
37	39	3
37	48	4
37	49	2
39	50	5
40	41	8
40	44	5
40	50	3
40	168	1
41	44	2
42	43	6
43	44	4
44	45	5
45	168	2
46	47	3
48	49	4
50	168	1
169	170	1
171	172	1
173	174	1
