#module 0 size: 9 bs: 1.22125e-15
826 895 977 1618 3499 3614 3769 5343 5368 
#module 1 size: 10 bs: 8.03148e-08
1243 1273 1481 1930 1963 2066 3230 4956 5376 5449 
#module 2 size: 8 bs: 7.17934e-06
20 141 941 2458 4024 4377 4822 4939 
#module 3 size: 6 bs: 9.51682e-07
10 156 758 1080 2637 3213 
#module 4 size: 6 bs: 1.71315e-08
11 81 191 434 1064 2148 
#module 5 size: 6 bs: 1.10848e-09
13 2377 3298 3414 4654 4719 
#module 6 size: 10 bs: 0.000934425
19 69 612 931 2157 2435 2721 3155 5121 5122 
#module 7 size: 6 bs: 9.6706e-102
21 583 2293 3911 4230 4408 
#module 8 size: 5 bs: 1.79492e-07
885 4097 4230 4480 5652 
#module 9 size: 10 bs: 1.34815e-08
472 714 2545 2976 3227 4272 4408 4874 5069 5312 
#module 10 size: 5 bs: 7.17934e-06
672 1798 3604 3621 4470 
#module 11 size: 6 bs: 4.1364e-07
44 472 1222 1484 2078 3488 
#module 12 size: 9 bs: 9.80083e-05
1222 1496 2171 2732 3600 4345 4531 5237 5539 
#module 13 size: 7 bs: 2.22045e-16
570 573 1962 3408 3488 4154 5073 
#module 14 size: 4 bs: 4.07174e-10
48 196 1334 1432 
#module 15 size: 5 bs: 4.10089e-06
49 2622 3730 3734 4995 
#module 16 size: 7 bs: 1.95444e-07
64 1286 1988 3734 4124 4460 4870 
#module 17 size: 5 bs: 8.14752e-09
53 2191 2566 4821 5766 
#module 18 size: 5 bs: 1.06718e-10
54 300 572 1121 4071 
#module 19 size: 7 bs: 0.000590066
204 2193 2220 2258 4653 5082 5468 
#module 20 size: 6 bs: 1.02884e-12
75 541 1246 2341 3563 5485 
#module 21 size: 6 bs: 1.40472e-07
77 2609 3034 3260 4824 5026 
#module 22 size: 5 bs: 6.9722e-14
78 356 858 3338 3442 
#module 23 size: 3 bs: 1.06718e-10
79 2659 2794 
#module 24 size: 5 bs: 0.00020136
213 1493 1716 3862 4011 
#module 25 size: 7 bs: 0.00020136
90 2723 2852 3458 3639 3752 5238 
#module 26 size: 7 bs: 7.48584e-09
91 238 679 1111 1380 2171 5732 
#module 27 size: 3 bs: 7.54766e-101
96 1631 3863 
#module 28 size: 4 bs: 3.46302e-11
100 262 2894 5168 
#module 29 size: 7 bs: 0.000525214
104 277 888 1132 1630 2144 2898 
#module 30 size: 8 bs: 2.04805e-07
2144 2268 2636 2796 2812 2840 4284 4880 
#module 31 size: 6 bs: 4.36252e-11
2260 2823 2898 2919 3222 3358 
#module 32 size: 3 bs: 9.95093e-13
106 264 2712 
#module 33 size: 7 bs: 3.23443e-11
109 2032 2070 2498 2568 4388 4597 
#module 34 size: 13 bs: 0.000525214
110 580 758 914 1520 3445 3484 3553 3637 4037 4781 5006 5223 
#module 35 size: 4 bs: 1.15463e-14
136 1140 3262 4983 
#module 36 size: 6 bs: 0.011028
141 182 916 2004 4265 5227 
#module 37 size: 5 bs: 2.04805e-07
145 643 2028 4300 5065 
#module 38 size: 12 bs: 5.54835e-11
556 812 843 1615 1687 2058 2337 2788 3461 3648 4668 5065 
#module 39 size: 4 bs: 1.46507e-07
151 3780 3860 3878 
#module 40 size: 5 bs: 4.58696e-101
163 894 1690 1914 4588 
#module 41 size: 7 bs: 2.04805e-07
168 571 2657 2924 3430 4901 5695 
#module 42 size: 7 bs: 1.06718e-10
170 425 1186 1525 2958 3438 3773 
#module 43 size: 4 bs: 1.15463e-14
175 3806 4295 4649 
#module 44 size: 4 bs: 0.000270223
184 340 3005 5321 
#module 45 size: 7 bs: 2.04805e-07
616 1431 1488 2218 3495 5208 5290 
#module 46 size: 10 bs: 6.91074e-10
200 281 1336 1435 2321 3053 3188 4549 4814 5740 
#module 47 size: 6 bs: 8.31264e-102
204 1744 2240 3167 3825 3901 
#module 48 size: 5 bs: 0.00019359
767 1797 3027 4496 5136 
#module 49 size: 5 bs: 6.02582e-10
205 694 2436 3101 5623 
#module 50 size: 5 bs: 2.61759e-07
207 1290 1576 2606 3153 
#module 51 size: 7 bs: 1.06718e-10
569 1290 1337 1672 2762 2807 4610 
#module 52 size: 9 bs: 7.39435e-06
209 617 1338 1563 2826 3474 3648 4961 5196 
#module 53 size: 6 bs: 5.79216e-11
211 593 602 810 1734 5460 
#module 54 size: 5 bs: 3.50131e-09
211 640 2511 2833 5498 
#module 55 size: 5 bs: 9.41742e-07
216 407 3032 5195 5431 
#module 56 size: 5 bs: 5.48504e-05
434 542 2890 3614 5733 
#module 57 size: 5 bs: 2.45103e-05
635 1118 3857 4031 4218 
#module 58 size: 5 bs: 2.82582e-05
226 2020 2664 4727 5195 
#module 59 size: 5 bs: 2.24809e-08
218 871 1067 1152 5143 
#module 60 size: 5 bs: 1.06718e-10
222 2858 3835 4713 5133 
#module 61 size: 5 bs: 3.73013e-06
230 820 2542 3374 3834 
#module 62 size: 7 bs: 1.06718e-10
870 1433 1485 1802 2415 4525 4694 
#module 63 size: 7 bs: 0.00966813
237 531 597 1739 2998 3147 3408 
#module 64 size: 6 bs: 0.0187336
1772 3181 3219 3243 4707 5125 
#module 65 size: 5 bs: 0.000139071
258 3426 3589 4946 5027 
#module 66 size: 4 bs: 1.99676e-07
260 597 1602 4025 
#module 67 size: 6 bs: 5.28255e-08
265 468 559 1801 1982 3865 
#module 68 size: 5 bs: 1.72438e-05
468 2238 4326 5192 5712 
#module 69 size: 5 bs: 2.26564e-08
1801 4865 5417 5466 5627 
#module 70 size: 7 bs: 9.42233e-07
266 2155 3100 4237 5162 5212 5248 
#module 71 size: 9 bs: 1.34815e-08
267 690 1216 1284 1722 1910 3193 5092 5140 
#module 72 size: 7 bs: 7.23547e-101
275 1298 1643 1649 3638 4748 5303 
#module 73 size: 6 bs: 1.2732e-10
664 1114 2063 3861 3970 3986 
#module 74 size: 6 bs: 0.0146201
286 1704 1878 2564 3696 4268 
#module 75 size: 7 bs: 4.0616e-09
504 702 761 1704 2505 4367 5109 
#module 76 size: 6 bs: 8.12954e-09
2016 2460 3488 3696 3775 4556 
#module 77 size: 4 bs: 2.54241e-14
308 900 2904 3705 
#module 78 size: 5 bs: 2.04965e-07
312 937 1365 3483 3975 
#module 79 size: 4 bs: 2.04805e-07
338 2107 2688 3509 
#module 80 size: 3 bs: 2.24809e-08
359 1159 1427 
#module 81 size: 3 bs: 0.000144887
361 1085 3212 
#module 82 size: 6 bs: 2.04805e-07
362 1886 2093 3371 3397 4646 
#module 83 size: 5 bs: 0.000525214
382 1900 2534 3048 5551 
#module 84 size: 5 bs: 0.000525213
391 2540 3589 4791 5324 
#module 85 size: 7 bs: 6.9722e-14
729 1261 2521 2540 2855 3036 3661 
#module 86 size: 5 bs: 1.06718e-10
393 461 1730 2000 4139 
#module 87 size: 5 bs: 1.52622e-10
404 962 2239 2926 4521 
#module 88 size: 9 bs: 1.06718e-10
413 687 2141 2420 2628 3107 3275 3804 5217 
#module 89 size: 7 bs: 2.7463e-05
415 492 935 1196 2244 3151 5559 
#module 90 size: 6 bs: 0.000526114
430 632 1786 2066 4337 5616 
#module 91 size: 5 bs: 4.22342e-101
632 1667 3504 3686 5259 
#module 92 size: 6 bs: 0.0467698
445 923 1155 1448 1463 5071 
#module 93 size: 5 bs: 1.34465e-08
562 616 720 4720 5133 
#module 94 size: 6 bs: 6.9722e-14
472 1450 2268 2713 3717 5748 
#module 95 size: 6 bs: 5.28213e-05
473 712 1072 2792 3927 4967 
#module 96 size: 4 bs: 1.01932e-05
474 1363 2648 5713 
#module 97 size: 7 bs: 1.13066e-08
484 620 1989 2261 3047 3469 4900 
#module 98 size: 7 bs: 6.9722e-14
508 921 1053 3092 4623 4949 5376 
#module 99 size: 7 bs: 2.04805e-07
642 1452 1515 2658 3409 3648 5558 
#module 100 size: 5 bs: 2.76779e-13
546 1263 1966 1990 3403 
#module 101 size: 6 bs: 9.65136e-07
548 1933 2218 2402 3064 5328 
#module 102 size: 6 bs: 2.42224e-102
569 2395 2747 3950 4870 5542 
#module 103 size: 3 bs: 3.83789e-06
606 1465 2103 
#module 104 size: 3 bs: 0.00070176
622 3910 3969 
#module 105 size: 8 bs: 2.49714e-06
940 953 2033 3380 3757 4094 4845 5401 
#module 106 size: 7 bs: 0.000525214
670 1020 1920 3206 3596 3966 4096 
#module 107 size: 3 bs: 0.000525213
631 5385 5678 
#module 108 size: 5 bs: 0.0342017
638 2032 4652 5075 5660 
#module 109 size: 9 bs: 1.08025e-13
653 841 1004 1447 2914 3416 3641 3828 4108 
#module 110 size: 8 bs: 2.54427e-10
655 783 2068 2153 3777 3961 5077 5464 
#module 111 size: 3 bs: 0.000525213
656 3459 4242 
#module 112 size: 5 bs: 4.56297e-101
1294 1397 1499 3122 5215 
#module 113 size: 7 bs: 8.93453e-11
661 1717 2331 3499 3587 4806 5128 
#module 114 size: 6 bs: 0.000525214
1006 2120 2450 3091 4806 5118 
#module 115 size: 5 bs: 0.00785612
666 1582 2066 2497 2805 
#module 116 size: 7 bs: 7.48583e-09
670 681 841 1841 2053 2671 2687 
#module 117 size: 5 bs: 3.15028e-10
682 1636 2131 3283 3616 
#module 118 size: 3 bs: 3.23442e-11
688 2393 4151 
#module 119 size: 5 bs: 9.35253e-06
692 847 3747 5416 5507 
#module 120 size: 3 bs: 1.06427e-08
709 833 2228 
#module 121 size: 7 bs: 1.06718e-10
833 1114 1304 2077 3621 3748 4955 
#module 122 size: 7 bs: 0.000525214
1254 1261 2041 4239 4394 5031 5512 
#module 123 size: 5 bs: 7.48584e-09
737 1550 2630 3590 3688 
#module 124 size: 3 bs: 2.76536e-08
738 1861 2893 
#module 125 size: 5 bs: 0.000413572
743 961 4405 4963 5216 
#module 126 size: 5 bs: 5.09592e-14
748 937 1353 1988 2736 
#module 127 size: 7 bs: 7.48583e-09
749 925 2897 3288 4691 4707 5531 
#module 128 size: 3 bs: 0.000525213
750 1075 2457 
#module 129 size: 3 bs: 0.0403708
766 1854 2166 
#module 130 size: 5 bs: 1.06718e-10
767 2105 3054 5441 5716 
#module 131 size: 3 bs: 4.70771e-06
775 1670 3725 
#module 132 size: 8 bs: 2.13618e-12
781 1262 1477 2231 3255 4132 4485 5635 
#module 133 size: 5 bs: 0.000525213
785 1452 2117 2903 5286 
#module 134 size: 10 bs: 0.000525214
789 886 1532 2615 2691 2759 3182 3496 3673 4283 
#module 135 size: 4 bs: 0.000203663
815 2280 3608 4355 
#module 136 size: 4 bs: 0.000525214
825 3617 5130 5383 
#module 137 size: 6 bs: 5.11567e-101
831 2334 3037 3185 3286 3795 
#module 138 size: 5 bs: 0.000160891
847 1119 1234 1755 4357 
#module 139 size: 5 bs: 0.000525123
860 893 986 2289 4495 
#module 140 size: 5 bs: 2.04806e-07
876 3000 3001 4896 5138 
#module 141 size: 3 bs: 6.9722e-14
877 1302 4089 
#module 142 size: 5 bs: 5.35122e-06
884 2799 2901 4481 4482 
#module 143 size: 3 bs: 0.000525149
891 3609 5528 
#module 144 size: 7 bs: 0.00243888
905 1022 1236 3316 3583 4414 5467 
#module 145 size: 3 bs: 1.06718e-10
907 2984 4207 
#module 146 size: 3 bs: 0.000525214
920 2137 4657 
#module 147 size: 5 bs: 1.06718e-10
931 1120 1452 1569 2199 
#module 148 size: 5 bs: 0.000525214
1569 1812 3449 4772 4891 
#module 149 size: 6 bs: 0.000526179
1011 1538 1605 1612 4204 4870 
#module 150 size: 5 bs: 0.000525214
939 2200 2380 4253 5613 
#module 151 size: 5 bs: 0.000525213
940 1246 1531 4277 5015 
#module 152 size: 8 bs: 0.000771104
943 1047 1846 2744 5577 5578 5597 5747 
#module 153 size: 3 bs: 7.48583e-09
958 4233 4548 
#module 154 size: 5 bs: 1.16194e-05
968 1683 2012 3783 4515 
#module 155 size: 5 bs: 0.000115962
984 1094 2066 2270 4281 
#module 156 size: 3 bs: 4.713e-07
985 1177 4923 
#module 157 size: 3 bs: 7.16816e-06
995 2179 3739 
#module 158 size: 3 bs: 0.0146201
999 2237 4177 
#module 159 size: 4 bs: 1.06718e-10
1008 2631 4681 5456 
#module 160 size: 3 bs: 0.000924377
1015 1686 2699 
#module 161 size: 5 bs: 0.000525213
1023 3176 3226 4550 4912 
#module 162 size: 4 bs: 0.000525214
1033 1701 2295 4222 
#module 163 size: 3 bs: 0.000525213
1035 4590 5003 
#module 164 size: 5 bs: 2.04805e-07
1045 1535 1709 3189 4302 
#module 165 size: 3 bs: 0.000525214
1055 1058 4984 
#module 166 size: 5 bs: 1.06718e-10
1059 1243 1316 3094 3119 
#module 167 size: 4 bs: 2.04805e-07
1099 3568 3728 4493 
#module 168 size: 3 bs: 0.000525213
1136 1747 2820 
#module 169 size: 3 bs: 1.06718e-10
1184 1494 4540 
#module 170 size: 3 bs: 0.000115962
1207 4235 4490 
#module 171 size: 3 bs: 0.000525214
1208 3813 5339 
#module 172 size: 5 bs: 7.66617e-08
1217 1881 2274 2553 5008 
#module 173 size: 4 bs: 2.04805e-07
1233 2176 2854 4664 
#module 174 size: 7 bs: 0.000525214
1266 1507 1691 2424 3389 4003 5139 
#module 175 size: 3 bs: 0.000525213
1270 2447 3799 
#module 176 size: 4 bs: 0.000525214
1293 2215 4271 5524 
#module 177 size: 5 bs: 0.000525214
1793 2126 2268 5304 5641 
#module 178 size: 3 bs: 1.06718e-10
1307 2870 5258 
#module 179 size: 5 bs: 2.04805e-07
1326 1767 3643 4163 4432 
#module 180 size: 3 bs: 0.0233994
1356 1776 4723 
#module 181 size: 5 bs: 2.32097e-102
1380 1770 2266 3093 5020 
#module 182 size: 3 bs: 0.000525214
1443 1791 5432 
#module 183 size: 5 bs: 2.04805e-07
1452 2733 3190 5485 5702 
#module 184 size: 3 bs: 1.36297e-05
1487 5348 5744 
#module 185 size: 5 bs: 0.007848
1550 2157 2722 4354 5653 
#module 186 size: 7 bs: 1.06718e-10
1559 2109 2911 2948 3839 4211 5754 
#module 187 size: 3 bs: 0.000525214
1589 2197 4690 
#module 188 size: 3 bs: 1.28657e-06
1625 2414 5144 
#module 189 size: 6 bs: 2.24108e-08
1666 2142 2578 2580 4541 4794 
#module 190 size: 5 bs: 0.000525214
1681 1757 2270 4183 5342 
#module 191 size: 3 bs: 0.000590678
1682 1897 2504 
#module 192 size: 3 bs: 0.000525214
1706 1955 5691 
#module 193 size: 7 bs: 5.35123e-06
1758 2428 3510 4527 4532 4574 5743 
#module 194 size: 10 bs: 1.79467e-101
1828 2494 2520 2886 3581 3755 3985 4093 5421 5679 
#module 195 size: 5 bs: 0.000525213
1857 1995 2582 2720 3850 
#module 196 size: 6 bs: 0.000525214
2899 3850 4459 4544 4633 5737 
#module 197 size: 3 bs: 6.9722e-14
1887 3220 4409 
#module 198 size: 5 bs: 0.000385602
1892 2056 2159 4360 4629 
#module 199 size: 5 bs: 0.000525213
1997 2668 3242 3317 5347 
#module 200 size: 5 bs: 0.000525214
2094 2882 3344 3472 4186 
#module 201 size: 4 bs: 3.48411e-101
2149 2910 3684 3754 
#module 202 size: 7 bs: 8.83874e-101
2180 3244 3843 4756 5100 5316 5479 
#module 203 size: 3 bs: 1.34465e-08
2217 4595 5367 
#module 204 size: 5 bs: 8.80973e-12
2232 2326 3388 5157 5198 
#module 205 size: 3 bs: 0.000525214
2275 2401 3718 
#module 206 size: 5 bs: 1.06718e-10
2390 2493 3418 4084 4441 
#module 207 size: 3 bs: 1.06718e-10
2430 4937 5243 
#module 208 size: 3 bs: 2.55713e-07
2444 2957 3072 
#module 209 size: 3 bs: 2.04805e-07
2571 4217 4848 
#module 210 size: 5 bs: 0.000526179
2637 2876 2975 3703 4558 
#module 211 size: 3 bs: 0.000525213
2754 5219 5647 
#module 212 size: 4 bs: 0.00052515
2767 4175 4485 5443 
#module 213 size: 5 bs: 0.000525214
2955 4436 4861 5204 5493 
#module 214 size: 4 bs: 1.06718e-10
3067 4023 4328 5059 
#module 215 size: 5 bs: 0.000525214
3130 3569 3690 5285 5657 
#module 216 size: 3 bs: 0.000525214
3269 4458 5420 
#module 217 size: 3 bs: 0.000525214
3352 3434 5606 
#module 218 size: 4 bs: 1.95444e-07
3432 3872 4823 5160 
#module 219 size: 3 bs: 0.000525214
3597 4191 4198 
#module 220 size: 3 bs: 2.46435e-05
3625 4834 4945 
#module 221 size: 6 bs: 1.06718e-10
3627 4081 4750 4803 4981 5049 
#module 222 size: 3 bs: 2.04805e-07
3990 4294 4618 
#module 223 size: 3 bs: 1.06718e-10
4067 4396 5011 
#module 224 size: 3 bs: 0.000525214
4318 5185 5400 
#module 225 size: 6 bs: 4.06689e-09
142 1978 2991 4330 5208 5488 
#module 226 size: 5 bs: 0.00036853
63 381 852 2018 2097 
#module 227 size: 11 bs: 6.31763e-101
267 852 1000 1269 1303 2097 2793 3548 4529 4764 5425 
#module 228 size: 5 bs: 0.00013834
88 2242 2637 2745 3862 
#module 229 size: 5 bs: 2.51737e-05
639 2606 3350 3592 4407 
#module 230 size: 8 bs: 1.9984e-15
174 252 2908 4730 4964 4965 5288 5666 
#module 231 size: 5 bs: 0.000701678
1372 1785 4249 4730 5069 
#module 232 size: 7 bs: 8.03148e-08
42 146 1633 2051 3621 4455 4548 
#module 233 size: 7 bs: 1.28657e-06
1357 1761 2205 4792 4961 5557 5560 
#module 234 size: 7 bs: 5.42826e-09
926 930 1115 3852 4186 4190 5025 
#module 235 size: 8 bs: 3.79893e-11
555 866 1970 2643 3095 3474 4082 4724 
#module 236 size: 5 bs: 3.53455e-08
1713 3095 3952 4065 4947 
#module 237 size: 5 bs: 7.48584e-09
215 1215 1279 1548 4679 
#module 238 size: 5 bs: 0.000181151
1548 2090 2983 3243 4172 
#module 239 size: 7 bs: 1.14575e-07
2281 2920 3392 3734 3950 5232 5451 
#module 240 size: 7 bs: 2.75058e-05
718 2117 2281 3245 3950 4249 4961 
#module 241 size: 8 bs: 0.000601085
624 2033 2826 3503 3596 3610 5070 5447 
#module 242 size: 7 bs: 2.54863e-09
219 2182 3054 3503 4194 4404 4725 
#module 243 size: 5 bs: 5.30458e-08
587 1350 2036 2858 4059 
#module 244 size: 8 bs: 0.000396702
855 2073 2097 2158 2200 4020 4021 5712 
#module 245 size: 7 bs: 4.27447e-12
234 2348 2646 2676 3482 4694 4820 
#module 246 size: 4 bs: 0.00955964
1305 2676 5134 5203 
#module 247 size: 8 bs: 1.11022e-16
358 577 623 684 832 1473 4892 5671 
#module 248 size: 8 bs: 5.97855e-13
530 864 2264 3055 3465 4571 5516 5719 
#module 249 size: 9 bs: 4.44089e-16
588 863 3055 3465 4035 4252 4273 4849 4868 
#module 250 size: 6 bs: 0.000219759
705 2629 3610 3777 4092 4123 
#module 251 size: 8 bs: 1.34534e-08
2305 3246 3610 3777 4152 4462 4721 4736 
#module 252 size: 6 bs: 8.80973e-12
581 1041 1258 2129 3679 5673 
#module 253 size: 5 bs: 2.51737e-05
655 1258 2151 3410 4031 
#module 254 size: 5 bs: 6.73813e-08
313 409 1640 2814 4285 
#module 255 size: 9 bs: 0.0470451
276 913 1054 1081 1500 1970 2167 3346 3970 
#module 256 size: 11 bs: 0.0236798
224 838 1241 1931 1953 2403 3550 3800 4020 4021 4708 
#module 257 size: 8 bs: 0.000115781
3 459 506 545 4041 4412 4822 5488 
#module 258 size: 12 bs: 0.0165987
16 640 707 1047 1702 2235 2533 2958 2959 3982 4503 4961 
#module 259 size: 8 bs: 0.000275494
41 396 797 1252 3198 3827 4072 5342 
#module 260 size: 8 bs: 0.000247276
66 1104 1725 1846 2168 3236 5263 5359 
#module 261 size: 5 bs: 0.000590065
73 204 1572 5272 5485 
#module 262 size: 4 bs: 4.10089e-06
83 377 1707 3494 
#module 263 size: 15 bs: 0.00248219
217 865 963 1479 2270 2358 2462 2653 3238 3373 3777 4113 5064 5211 5605 
#module 264 size: 7 bs: 3.2363e-13
247 1438 1603 2192 3592 3928 4894 
#module 265 size: 3 bs: 0.0187336
2726 3291 4816 
#module 266 size: 9 bs: 0.0538694
427 449 975 1715 2128 2697 3305 3911 5134 
#module 267 size: 13 bs: 3.43063e-05
946 1219 1278 1807 1980 2090 2683 2891 2994 4307 5233 5529 5724 
#module 268 size: 13 bs: 0.000701761
571 657 821 1695 1841 2602 2623 3572 3708 5034 5215 5225 5342 
#module 269 size: 11 bs: 0.0955491
624 665 1257 1348 1755 2374 2858 3658 4735 4833 5650 
#module 270 size: 9 bs: 0.00316056
742 1251 2707 2922 3228 4012 5434 5523 5569 
#module 271 size: 5 bs: 0.00125338
253 1021 1473 3054 3219 
#module 0 size: 10 bs: 2.77556e-14
1243 1273 1481 1930 1963 2066 3230 4956 5376 5449 
#module 1 size: 9 bs: 1.22125e-15
826 895 977 1618 3499 3614 3769 5343 5368 
#module 2 size: 8 bs: 9.51681e-07
20 141 941 2458 4024 4377 4822 4939 
#module 3 size: 16 bs: 0.000137659
10 88 156 639 758 1080 2242 2606 2637 2745 3213 3350 3592 3862 4391 4407 
#module 4 size: 6 bs: 6.9722e-14
13 2377 3298 3414 4654 4719 
#module 5 size: 4 bs: 7.16816e-06
16 1702 2235 4503 
#module 6 size: 10 bs: 5.98009e-101
19 69 612 931 2157 2435 2721 3155 5121 5122 
#module 7 size: 6 bs: 1.79492e-07
21 583 2293 3911 4230 4408 
#module 8 size: 5 bs: 1.34465e-08
885 4097 4230 4480 5652 
#module 9 size: 7 bs: 4.07174e-10
570 573 1962 3408 3488 4154 5073 
#module 10 size: 5 bs: 1.95444e-07
49 2622 3730 3734 4995 
#module 11 size: 7 bs: 8.14751e-09
64 1286 1988 3734 4124 4460 4870 
#module 12 size: 5 bs: 1.06718e-10
53 2191 2566 4821 5766 
#module 13 size: 5 bs: 1.06718e-10
54 300 572 1121 4071 
#module 14 size: 7 bs: 1.02884e-12
204 2193 2220 2258 4653 5082 5468 
#module 15 size: 6 bs: 6.9722e-14
77 2609 3034 3260 4824 5026 
#module 16 size: 5 bs: 1.06718e-10
78 356 858 3338 3442 
#module 17 size: 3 bs: 0.000525214
79 2659 2794 
#module 18 size: 3 bs: 0.00020136
744 2745 3558 
#module 19 size: 5 bs: 0.007848
213 1493 1716 3862 4011 
#module 20 size: 7 bs: 7.48584e-09
90 2723 2852 3458 3639 3752 5238 
#module 21 size: 7 bs: 2.15105e-101
91 238 679 1111 1380 2171 5732 
#module 22 size: 3 bs: 3.46303e-11
96 1631 3863 
#module 23 size: 4 bs: 0.000525214
100 262 2894 5168 
#module 24 size: 7 bs: 2.04806e-07
104 277 888 1132 1630 2144 2898 
#module 25 size: 8 bs: 4.3557e-11
2144 2268 2636 2796 2812 2840 4284 4880 
#module 26 size: 6 bs: 9.97757e-13
2260 2823 2898 2919 3222 3358 
#module 27 size: 3 bs: 3.23442e-11
106 264 2712 
#module 28 size: 7 bs: 0.000525214
109 2032 2070 2498 2568 4388 4597 
#module 29 size: 13 bs: 1.15463e-14
110 580 758 914 1520 3445 3484 3553 3637 4037 4781 5006 5223 
#module 30 size: 4 bs: 0.011028
136 1140 3262 4983 
#module 31 size: 6 bs: 2.04805e-07
141 182 916 2004 4265 5227 
#module 32 size: 5 bs: 6.1623e-10
145 643 2028 4300 5065 
#module 33 size: 12 bs: 1.4567e-07
556 812 843 1615 1687 2058 2337 2788 3461 3648 4668 5065 
#module 34 size: 4 bs: 6.77398e-101
151 3780 3860 3878 
#module 35 size: 5 bs: 2.04805e-07
163 894 1690 1914 4588 
#module 36 size: 7 bs: 1.06718e-10
168 571 2657 2924 3430 4901 5695 
#module 37 size: 7 bs: 1.65867e-13
170 425 1186 1525 2958 3438 3773 
#module 38 size: 4 bs: 0.000270223
175 3806 4295 4649 
#module 39 size: 4 bs: 2.04805e-07
184 340 3005 5321 
#module 40 size: 8 bs: 2.04805e-07
555 866 1970 2643 3095 3474 4082 4724 
#module 41 size: 10 bs: 2.2826e-05
200 281 1336 1435 2321 3053 3188 4549 4814 5740 
#module 42 size: 6 bs: 2.14312e-11
204 1744 2240 3167 3825 3901 
#module 43 size: 5 bs: 6.02582e-10
205 694 2436 3101 5623 
#module 44 size: 5 bs: 0.000136828
207 1290 1576 2606 3153 
#module 45 size: 7 bs: 1.06718e-10
569 1290 1337 1672 2762 2807 4610 
#module 46 size: 9 bs: 7.3982e-06
209 617 1338 1563 2826 3474 3648 4961 5196 
#module 47 size: 6 bs: 5.79217e-11
211 593 602 810 1734 5460 
#module 48 size: 5 bs: 2.98381e-09
211 640 2511 2833 5498 
#module 49 size: 5 bs: 9.41742e-07
216 407 3032 5195 5431 
#module 50 size: 5 bs: 5.48503e-05
434 542 2890 3614 5733 
#module 51 size: 5 bs: 0.000938915
226 2020 2664 4727 5195 
#module 52 size: 5 bs: 2.24809e-08
218 871 1067 1152 5143 
#module 53 size: 5 bs: 0.000415141
587 1350 2036 2858 4059 
#module 54 size: 5 bs: 5.30458e-08
230 820 2542 3374 3834 
#module 55 size: 7 bs: 1.06718e-10
870 1433 1485 1802 2415 4525 4694 
#module 56 size: 7 bs: 0.00966813
237 531 597 1739 2998 3147 3408 
#module 57 size: 6 bs: 4.26437e-12
1772 3181 3219 3243 4707 5125 
#module 58 size: 8 bs: 0.0464249
358 577 623 684 832 1473 4892 5671 
#module 59 size: 5 bs: 1.02607e-07
258 3426 3589 4946 5027 
#module 60 size: 4 bs: 1.11022e-16
260 597 1602 4025 
#module 61 size: 6 bs: 5.30458e-08
265 468 559 1801 1982 3865 
#module 62 size: 5 bs: 1.72438e-05
468 2238 4326 5192 5712 
#module 63 size: 5 bs: 2.26563e-08
1801 4865 5417 5466 5627 
#module 64 size: 7 bs: 9.42233e-07
266 2155 3100 4237 5162 5212 5248 
#module 65 size: 9 bs: 1.34815e-08
267 690 1216 1284 1722 1910 3193 5092 5140 
#module 66 size: 7 bs: 1.80445e-101
275 1298 1643 1649 3638 4748 5303 
#module 67 size: 7 bs: 0.0146201
504 702 761 1704 2505 4367 5109 
#module 68 size: 4 bs: 3.81118e-07
308 900 2904 3705 
#module 69 size: 5 bs: 2.54241e-14
312 937 1365 3483 3975 
#module 70 size: 4 bs: 2.24809e-08
338 2107 2688 3509 
#module 71 size: 3 bs: 0.0776988
359 1159 1427 
#module 72 size: 3 bs: 2.04806e-07
361 1085 3212 
#module 73 size: 6 bs: 0.000525214
362 1886 2093 3371 3397 4646 
#module 74 size: 5 bs: 0.000525214
382 1900 2534 3048 5551 
#module 75 size: 5 bs: 6.9722e-14
391 2540 3589 4791 5324 
#module 76 size: 7 bs: 1.06718e-10
729 1261 2521 2540 2855 3036 3661 
#module 77 size: 5 bs: 1.74195e-05
393 461 1730 2000 4139 
#module 78 size: 5 bs: 1.06718e-10
404 962 2239 2926 4521 
#module 79 size: 7 bs: 1.06718e-10
415 492 935 1196 2244 3151 5559 
#module 80 size: 6 bs: 4.02847e-101
430 632 1786 2066 4337 5616 
#module 81 size: 5 bs: 0.061012
632 1667 3504 3686 5259 
#module 82 size: 6 bs: 7.05784e-07
445 923 1155 1448 1463 5071 
#module 83 size: 6 bs: 1.34815e-08
472 1450 2268 2713 3717 5748 
#module 84 size: 6 bs: 1.01932e-05
473 712 1072 2792 3927 4967 
#module 85 size: 4 bs: 1.13066e-08
474 1363 2648 5713 
#module 86 size: 7 bs: 6.9722e-14
484 620 1989 2261 3047 3469 4900 
#module 87 size: 7 bs: 2.04806e-07
508 921 1053 3092 4623 4949 5376 
#module 88 size: 5 bs: 9.65138e-07
546 1263 1966 1990 3403 
#module 89 size: 5 bs: 1.03571e-101
1713 3095 3952 4065 4947 
#module 90 size: 6 bs: 1.85443e-101
569 2395 2747 3950 4870 5542 
#module 91 size: 6 bs: 1.06718e-10
571 1695 1841 2602 3708 5034 
#module 92 size: 7 bs: 3.5217e-08
670 681 841 1841 2053 2671 2687 
#module 93 size: 3 bs: 2.76536e-08
606 1465 2103 
#module 94 size: 3 bs: 3.5242e-05
622 3910 3969 
#module 95 size: 7 bs: 0.000525213
670 1020 1920 3206 3596 3966 4096 
#module 96 size: 3 bs: 9.66945e-05
631 5385 5678 
#module 97 size: 5 bs: 1.78398e-05
638 2032 4652 5075 5660 
#module 98 size: 5 bs: 2.54427e-10
707 1047 2958 2959 3982 
#module 99 size: 9 bs: 0.000525214
653 841 1004 1447 2914 3416 3641 3828 4108 
#module 100 size: 8 bs: 2.24809e-08
655 783 2068 2153 3777 3961 5077 5464 
#module 101 size: 3 bs: 0.000108663
656 3459 4242 
#module 102 size: 5 bs: 9.12446e-11
1294 1397 1499 3122 5215 
#module 103 size: 7 bs: 0.000525214
661 1717 2331 3499 3587 4806 5128 
#module 104 size: 6 bs: 0.000276129
1006 2120 2450 3091 4806 5118 
#module 105 size: 6 bs: 7.48583e-09
664 1114 2063 3861 3970 3986 
#module 106 size: 5 bs: 4.95282e-10
847 1119 1234 1755 4357 
#module 107 size: 5 bs: 3.23442e-11
666 1582 2066 2497 2805 
#module 108 size: 5 bs: 4.0616e-09
672 1798 3604 3621 4470 
#module 109 size: 5 bs: 5.35122e-06
682 1636 2131 3283 3616 
#module 110 size: 3 bs: 4.16882e-07
688 2393 4151 
#module 111 size: 5 bs: 1.06718e-10
692 847 3747 5416 5507 
#module 112 size: 3 bs: 0.00785613
709 833 2228 
#module 113 size: 7 bs: 0.000525214
833 1114 1304 2077 3621 3748 4955 
#module 114 size: 7 bs: 7.48584e-09
1254 1261 2041 4239 4394 5031 5512 
#module 115 size: 5 bs: 2.76536e-08
737 1550 2630 3590 3688 
#module 116 size: 3 bs: 0.0146201
738 1861 2893 
#module 117 size: 5 bs: 7.48583e-09
743 961 4405 4963 5216 
#module 118 size: 5 bs: 0.000525214
748 937 1353 1988 2736 
#module 119 size: 7 bs: 0.00316094
749 925 2897 3288 4691 4707 5531 
#module 120 size: 3 bs: 0.0639638
750 1075 2457 
#module 121 size: 3 bs: 1.06718e-10
766 1854 2166 
#module 122 size: 3 bs: 4.70771e-06
775 1670 3725 
#module 123 size: 8 bs: 2.13285e-12
781 1262 1477 2231 3255 4132 4485 5635 
#module 124 size: 5 bs: 0.000525213
785 1452 2117 2903 5286 
#module 125 size: 10 bs: 0.000525214
789 886 1532 2615 2691 2759 3182 3496 3673 4283 
#module 126 size: 4 bs: 0.000525213
815 2280 3608 4355 
#module 127 size: 4 bs: 8.76623e-101
825 3617 5130 5383 
#module 128 size: 6 bs: 0.000161393
831 2334 3037 3185 3286 3795 
#module 129 size: 5 bs: 0.000525123
860 893 986 2289 4495 
#module 130 size: 5 bs: 2.04805e-07
876 3000 3001 4896 5138 
#module 131 size: 3 bs: 6.9722e-14
877 1302 4089 
#module 132 size: 5 bs: 0.000525149
884 2799 2901 4481 4482 
#module 133 size: 3 bs: 0.00241123
891 3609 5528 
#module 134 size: 7 bs: 1.06718e-10
905 1022 1236 3316 3583 4414 5467 
#module 135 size: 3 bs: 0.000525214
907 2984 4207 
#module 136 size: 3 bs: 1.06718e-10
920 2137 4657 
#module 137 size: 6 bs: 0.000526179
1011 1538 1605 1612 4204 4870 
#module 138 size: 5 bs: 0.000525214
939 2200 2380 4253 5613 
#module 139 size: 3 bs: 0.000233894
958 4233 4548 
#module 140 size: 5 bs: 0.000746368
968 1683 2012 3783 4515 
#module 141 size: 5 bs: 4.70811e-07
984 1094 2066 2270 4281 
#module 142 size: 3 bs: 7.17934e-06
985 1177 4923 
#module 143 size: 3 bs: 0.0146201
995 2179 3739 
#module 144 size: 3 bs: 1.06718e-10
999 2237 4177 
#module 145 size: 4 bs: 0.061227
1008 2631 4681 5456 
#module 146 size: 3 bs: 0.00091721
1015 1686 2699 
#module 147 size: 5 bs: 0.000525214
1023 3176 3226 4550 4912 
#module 148 size: 4 bs: 0.000525214
1033 1701 2295 4222 
#module 149 size: 3 bs: 0.000525214
1035 4590 5003 
#module 150 size: 5 bs: 2.04805e-07
1045 1535 1709 3189 4302 
#module 151 size: 3 bs: 0.000525213
1055 1058 4984 
#module 152 size: 5 bs: 1.06718e-10
1059 1243 1316 3094 3119 
#module 153 size: 4 bs: 2.04805e-07
1099 3568 3728 4493 
#module 154 size: 3 bs: 0.000525213
1136 1747 2820 
#module 155 size: 3 bs: 1.06718e-10
1184 1494 4540 
#module 156 size: 3 bs: 0.000525213
1207 4235 4490 
#module 157 size: 3 bs: 7.66617e-08
1208 3813 5339 
#module 158 size: 5 bs: 2.04805e-07
1217 1881 2274 2553 5008 
#module 159 size: 4 bs: 0.000525214
1233 2176 2854 4664 
#module 160 size: 7 bs: 0.000525214
1266 1507 1691 2424 3389 4003 5139 
#module 161 size: 3 bs: 0.000525214
1270 2447 3799 
#module 162 size: 4 bs: 1.06718e-10
1293 2215 4271 5524 
#module 163 size: 5 bs: 0.007848
1326 1767 3643 4163 4432 
#module 164 size: 3 bs: 8.64539e-101
1356 1776 4723 
#module 165 size: 5 bs: 0.000525213
1380 1770 2266 3093 5020 
#module 166 size: 3 bs: 2.04806e-07
1443 1791 5432 
#module 167 size: 5 bs: 0.00785612
1452 2733 3190 5485 5702 
#module 168 size: 3 bs: 1.06718e-10
1487 5348 5744 
#module 169 size: 5 bs: 0.000525214
1550 2157 2722 4354 5653 
#module 170 size: 7 bs: 2.24809e-08
1559 2109 2911 2948 3839 4211 5754 
#module 171 size: 3 bs: 0.000525213
1589 2197 4690 
#module 172 size: 3 bs: 0.000590678
1625 2414 5144 
#module 173 size: 6 bs: 0.000525214
1666 2142 2578 2580 4541 4794 
#module 174 size: 5 bs: 5.33733e-06
1681 1757 2270 4183 5342 
#module 175 size: 3 bs: 8.2018e-101
1682 1897 2504 
#module 176 size: 3 bs: 0.000525214
1706 1955 5691 
#module 177 size: 7 bs: 0.000525214
1758 2428 3510 4527 4532 4574 5743 
#module 178 size: 5 bs: 6.9722e-14
1793 2126 2268 5304 5641 
#module 179 size: 10 bs: 0.000385602
1828 2494 2520 2886 3581 3755 3985 4093 5421 5679 
#module 180 size: 5 bs: 0.000525213
1857 1995 2582 2720 3850 
#module 181 size: 6 bs: 0.000525213
2899 3850 4459 4544 4633 5737 
#module 182 size: 3 bs: 9.95442e-101
1887 3220 4409 
#module 183 size: 5 bs: 1.36297e-05
1892 2056 2159 4360 4629 
#module 184 size: 5 bs: 3.78964e-101
1997 2668 3242 3317 5347 
#module 185 size: 5 bs: 1.34465e-08
2094 2882 3344 3472 4186 
#module 186 size: 4 bs: 8.80973e-12
2149 2910 3684 3754 
#module 187 size: 7 bs: 0.000525214
2180 3244 3843 4756 5100 5316 5479 
#module 188 size: 3 bs: 1.06718e-10
2217 4595 5367 
#module 189 size: 5 bs: 1.06718e-10
2232 2326 3388 5157 5198 
#module 190 size: 3 bs: 2.55713e-07
2275 2401 3718 
#module 191 size: 5 bs: 2.04805e-07
2390 2493 3418 4084 4441 
#module 192 size: 3 bs: 0.000526179
2430 4937 5243 
#module 193 size: 3 bs: 0.000525214
2444 2957 3072 
#module 194 size: 3 bs: 0.00052515
2571 4217 4848 
#module 195 size: 5 bs: 0.000525213
2637 2876 2975 3703 4558 
#module 196 size: 3 bs: 1.06718e-10
2754 5219 5647 
#module 197 size: 4 bs: 0.000525214
2767 4175 4485 5443 
#module 198 size: 5 bs: 0.000525214
2955 4436 4861 5204 5493 
#module 199 size: 4 bs: 0.000525213
3067 4023 4328 5059 
#module 200 size: 5 bs: 1.95444e-07
3130 3569 3690 5285 5657 
#module 201 size: 3 bs: 0.000525214
3269 4458 5420 
#module 202 size: 3 bs: 2.45763e-05
3352 3434 5606 
#module 203 size: 4 bs: 1.06718e-10
3432 3872 4823 5160 
#module 204 size: 3 bs: 2.04805e-07
3597 4191 4198 
#module 205 size: 3 bs: 1.06718e-10
3625 4834 4945 
#module 206 size: 6 bs: 0.000525214
3627 4081 4750 4803 4981 5049 
#module 207 size: 3 bs: 0.000525214
3990 4294 4618 
#module 208 size: 3 bs: 2.04806e-07
4067 4396 5011 
#module 209 size: 3 bs: 0.000525214
4318 5185 5400 
#module 210 size: 7 bs: 8.03148e-08
42 146 1633 2051 3621 4455 4548 
#module 211 size: 7 bs: 1.28657e-06
1357 1761 2205 4792 4961 5557 5560 
#module 212 size: 7 bs: 5.42826e-09
926 930 1115 3852 4186 4190 5025 
#module 213 size: 6 bs: 1.10848e-09
11 81 191 434 1064 2148 
#module 214 size: 5 bs: 0.00560316
191 1357 1488 2301 2643 
#module 215 size: 10 bs: 6.66134e-16
472 714 2545 2976 3227 4272 4408 4874 5069 5312 
#module 216 size: 6 bs: 9.80083e-05
44 472 1222 1484 2078 3488 
#module 217 size: 9 bs: 2.22045e-16
1222 1496 2171 2732 3600 4345 4531 5237 5539 
#module 218 size: 5 bs: 0.000367192
63 381 852 2018 2097 
#module 219 size: 11 bs: 8.44616e-101
267 852 1000 1269 1303 2097 2793 3548 4529 4764 5425 
#module 220 size: 5 bs: 0.000590678
73 204 1572 5272 5485 
#module 221 size: 6 bs: 1.40929e-07
75 541 1246 2341 3563 5485 
#module 222 size: 7 bs: 6.91074e-10
616 1431 1488 2218 3495 5208 5290 
#module 223 size: 6 bs: 3.23443e-11
548 1933 2218 2402 3064 5328 
#module 224 size: 8 bs: 1.9984e-15
174 252 2908 4730 4964 4965 5288 5666 
#module 225 size: 5 bs: 0.000556151
1372 1785 4249 4730 5069 
#module 226 size: 5 bs: 0.000203663
767 2105 3054 5441 5716 
#module 227 size: 5 bs: 7.47028e-09
215 1215 1279 1548 4679 
#module 228 size: 5 bs: 0.000181151
1548 2090 2983 3243 4172 
#module 229 size: 5 bs: 0.000932348
216 542 3890 3950 4218 
#module 230 size: 5 bs: 5.23354e-07
635 1118 3857 4031 4218 
#module 231 size: 7 bs: 1.14575e-07
2281 2920 3392 3734 3950 5232 5451 
#module 232 size: 7 bs: 2.75058e-05
718 2117 2281 3245 3950 4249 4961 
#module 233 size: 8 bs: 0.000601085
624 2033 2826 3503 3596 3610 5070 5447 
#module 234 size: 7 bs: 2.56062e-09
219 2182 3054 3503 4194 4404 4725 
#module 235 size: 5 bs: 2.61263e-05
222 2858 3835 4713 5133 
#module 236 size: 5 bs: 4.08118e-05
562 616 720 4720 5133 
#module 237 size: 8 bs: 0.000396703
855 2073 2097 2158 2200 4020 4021 5712 
#module 238 size: 7 bs: 4.27447e-12
234 2348 2646 2676 3482 4694 4820 
#module 239 size: 7 bs: 3.2363e-13
247 1438 1603 2192 3592 3928 4894 
#module 240 size: 3 bs: 0.0187336
2726 3291 4816 
#module 241 size: 6 bs: 8.12424e-09
286 1704 1878 2564 3696 4268 
#module 242 size: 8 bs: 5.97855e-13
530 864 2264 3055 3465 4571 5516 5719 
#module 243 size: 9 bs: 4.44089e-16
588 863 3055 3465 4035 4252 4273 4849 4868 
#module 244 size: 8 bs: 1.36388e-08
2305 3246 3610 3777 4152 4462 4721 4736 
#module 245 size: 6 bs: 0.000219759
705 2629 3610 3777 4092 4123 
#module 246 size: 6 bs: 8.80973e-12
581 1041 1258 2129 3679 5673 
#module 247 size: 5 bs: 2.51737e-05
655 1258 2151 3410 4031 
#module 248 size: 5 bs: 2.61263e-05
665 1755 2858 3658 4735 
#module 249 size: 5 bs: 1.16194e-05
940 1246 1531 4277 5015 
#module 250 size: 8 bs: 1.08025e-13
940 953 2033 3380 3757 4094 4845 5401 
#module 251 size: 5 bs: 0.00055615
931 1120 1452 1569 2199 
#module 252 size: 5 bs: 7.48584e-09
1569 1812 3449 4772 4891 
#module 253 size: 20 bs: 0.000142544
66 767 943 1047 1104 1725 1797 1846 2168 2744 3027 3236 4496 5136 5263 5359 5577 5578 5597 5747 
#module 254 size: 9 bs: 0.000526114
413 687 2141 2420 2628 3107 3275 3804 5217 
#module 255 size: 11 bs: 0.0236798
224 838 1241 1931 1953 2403 3550 3800 4020 4021 4708 
#module 256 size: 13 bs: 0.000141709
3 142 459 506 545 1978 2991 4041 4330 4412 4822 5208 5488 
#module 257 size: 7 bs: 0.0692297
427 449 1715 2697 3305 3911 5134 
#module 258 size: 8 bs: 0.000275494
41 396 797 1252 3198 3827 4072 5342 
#module 259 size: 6 bs: 3.91074e-07
2016 2460 3488 3696 3775 4556 
#module 260 size: 4 bs: 4.10089e-06
48 196 1334 1432 
#module 261 size: 4 bs: 4.10089e-06
83 377 1707 3494 
#module 262 size: 7 bs: 9.65136e-07
642 1452 1515 2658 3409 3648 5558 
#module 263 size: 15 bs: 0.0022434
217 865 963 1479 2270 2358 2462 2653 3238 3373 3777 4113 5064 5211 5605 
#module 264 size: 9 bs: 0.0470451
276 913 1054 1081 1500 1970 2167 3346 3970 
#module 265 size: 6 bs: 1.11249e-08
313 409 1640 2814 4285 5342 
#module 266 size: 5 bs: 0.000276129
657 2623 3708 5215 5342 
#module 267 size: 7 bs: 0.0692296
1297 1307 2126 2870 5225 5258 5716 
#module 268 size: 9 bs: 0.00316056
742 1251 2707 2922 3228 4012 5434 5523 5569 
#module 269 size: 6 bs: 0.0861629
975 1305 2128 2676 5134 5203 
#module 270 size: 7 bs: 0.0342018
624 1257 1348 2374 3658 4833 5650 
#module 271 size: 5 bs: 0.00221839
472 562 2090 2385 4510 
#module 272 size: 8 bs: 1.15426e-05
946 1219 1278 1807 1980 2683 5233 5529 
#module 273 size: 6 bs: 7.17935e-06
1278 2090 2891 2994 4307 5724 
#module 0 size: 6 bs: 1.10848e-09
11 81 191 434 1064 2148 
#module 1 size: 10 bs: 6.3626e-102
19 69 612 931 2157 2435 2721 3155 5121 5122 
#module 2 size: 9 bs: 0.0464303
247 1438 1603 1792 2192 3291 3592 3928 4894 
#module 3 size: 9 bs: 1.11022e-16
224 838 1241 1931 3550 3800 4020 4021 4708 
#module 4 size: 8 bs: 1.11022e-16
358 577 623 684 832 1473 4892 5671 
#module 5 size: 7 bs: 0.0664936
542 2890 3614 3890 3950 4218 5733 
#module 6 size: 7 bs: 4.26437e-12
234 2348 2646 2676 3482 4694 4820 
#module 7 size: 7 bs: 1.15463e-14
109 2032 2070 2498 2568 4388 4597 
#module 8 size: 7 bs: 1.11389e-101
90 2723 2852 3458 3639 3752 5238 
#module 9 size: 7 bs: 2.56062e-09
219 2182 3054 3503 4194 4404 4725 
#module 10 size: 7 bs: 4.07174e-10
570 573 1962 3408 3488 4154 5073 
#module 11 size: 6 bs: 7.55825e-08
21 583 2293 3911 4230 4408 
#module 12 size: 6 bs: 1.76392e-08
265 468 559 1801 1982 3865 
#module 13 size: 6 bs: 1.10095e-08
313 409 1640 2814 4285 5342 
#module 14 size: 6 bs: 1.71315e-08
10 156 758 1080 2637 3213 
#module 15 size: 6 bs: 0.0612627
427 449 1715 2697 3305 5134 
#module 16 size: 5 bs: 1.06718e-10
546 1263 1966 1990 3403 
#module 17 size: 5 bs: 5.30458e-08
258 3426 3589 4946 5027 
#module 18 size: 5 bs: 0.000368529
63 381 852 2018 2097 
#module 19 size: 4 bs: 2.04805e-07
175 3806 4295 4649 
#module 20 size: 4 bs: 7.17934e-06
459 506 4041 4412 
#module 21 size: 3 bs: 0.000525214
96 1631 3863 
#module 22 size: 5 bs: 1.06718e-10
53 2191 2566 4821 5766 
#module 23 size: 8 bs: 4.25943e-05
826 895 977 1618 3499 3769 5343 5368 
#module 24 size: 10 bs: 5.54901e-12
1243 1273 1481 1930 1963 2066 3230 4956 5376 5449 
#module 25 size: 6 bs: 7.85726e-07
142 1978 2991 4330 5208 5488 
#module 26 size: 6 bs: 4.06689e-09
13 2377 3298 3414 4654 4719 
#module 27 size: 4 bs: 6.9722e-14
16 1702 2235 4503 
#module 28 size: 5 bs: 0.00941391
672 1798 3604 3621 4470 
#module 29 size: 5 bs: 4.16882e-07
44 472 1222 1484 2078 
#module 30 size: 9 bs: 0.00571156
1222 1496 2171 2732 3600 4345 4531 5237 5539 
#module 31 size: 5 bs: 2.22045e-16
49 2622 3730 3734 4995 
#module 32 size: 7 bs: 1.94227e-07
64 1286 1988 3734 4124 4460 4870 
#module 33 size: 5 bs: 6.394e-09
54 300 572 1121 4071 
#module 34 size: 7 bs: 0.000590065
204 2193 2220 2258 4653 5082 5468 
#module 35 size: 5 bs: 1.02884e-12
541 1246 2341 3563 5485 
#module 36 size: 6 bs: 0.000136435
77 2609 3034 3260 4824 5026 
#module 37 size: 5 bs: 6.9722e-14
78 356 858 3338 3442 
#module 38 size: 5 bs: 0.0187464
213 1493 1716 3862 4011 
#module 39 size: 7 bs: 7.48583e-09
91 238 679 1111 1380 2171 5732 
#module 40 size: 4 bs: 3.47388e-11
100 262 2894 5168 
#module 41 size: 7 bs: 2.04805e-07
104 277 888 1132 1630 2144 2898 
#module 42 size: 8 bs: 4.35569e-11
2144 2268 2636 2796 2812 2840 4284 4880 
#module 43 size: 6 bs: 9.95093e-13
2260 2823 2898 2919 3222 3358 
#module 44 size: 4 bs: 3.23442e-11
136 1140 3262 4983 
#module 45 size: 5 bs: 2.04805e-07
145 643 2028 4300 5065 
#module 46 size: 12 bs: 1.46506e-07
556 812 843 1615 1687 2058 2337 2788 3461 3648 4668 5065 
#module 47 size: 4 bs: 4.35414e-101
151 3780 3860 3878 
#module 48 size: 5 bs: 2.04805e-07
163 894 1690 1914 4588 
#module 49 size: 6 bs: 1.06718e-10
168 571 2657 2924 3430 4901 
#module 50 size: 8 bs: 5.54786e-05
174 252 2908 4730 4964 4965 5288 5666 
#module 51 size: 4 bs: 1.9984e-15
184 340 3005 5321 
#module 52 size: 7 bs: 0.00574577
616 1431 1488 2218 3495 5208 5290 
#module 53 size: 7 bs: 6.91074e-10
555 866 1970 2643 3474 4082 4724 
#module 54 size: 10 bs: 2.04848e-08
200 281 1336 1435 2321 3053 3188 4549 4814 5740 
#module 55 size: 6 bs: 6.33203e-101
204 1744 2240 3167 3825 3901 
#module 56 size: 5 bs: 6.02582e-10
767 1797 3027 4496 5136 
#module 57 size: 5 bs: 2.61759e-07
205 694 2436 3101 5623 
#module 58 size: 9 bs: 2.56013e-05
209 617 1338 1563 2826 3474 3648 4961 5196 
#module 59 size: 6 bs: 2.98381e-09
211 593 602 810 1734 5460 
#module 60 size: 5 bs: 8.80973e-12
211 640 2511 2833 5498 
#module 61 size: 5 bs: 0.00162582
218 871 1067 1152 5143 
#module 62 size: 5 bs: 1.06718e-10
222 2858 3835 4713 5133 
#module 63 size: 5 bs: 2.61263e-05
587 1350 2036 2858 4059 
#module 64 size: 5 bs: 5.30458e-08
230 820 2542 3374 3834 
#module 65 size: 9 bs: 1.06718e-10
237 260 531 597 1602 1739 2998 3147 4025 
#module 66 size: 6 bs: 1.73738e-05
1772 3181 3219 3243 4707 5125 
#module 67 size: 8 bs: 1.05739e-10
267 1000 1269 1303 2793 3548 4529 4764 
#module 68 size: 9 bs: 2.06921e-10
267 690 1216 1284 1722 1910 3193 5092 5140 
#module 69 size: 7 bs: 7.57785e-06
275 1298 1643 1649 3638 4748 5303 
#module 70 size: 7 bs: 8.30216e-101
276 913 1081 1500 1970 2167 3970 
#module 71 size: 6 bs: 1.27321e-10
286 1704 1878 2564 3696 4268 
#module 72 size: 7 bs: 8.12953e-09
504 702 761 1704 2505 4367 5109 
#module 73 size: 4 bs: 2.54241e-14
308 900 2904 3705 
#module 74 size: 5 bs: 2.04806e-07
312 937 1365 3483 3975 
#module 75 size: 4 bs: 2.24809e-08
338 2107 2688 3509 
#module 76 size: 6 bs: 2.04806e-07
362 1886 2093 3371 3397 4646 
#module 77 size: 5 bs: 6.9722e-14
382 1900 2534 3048 5551 
#module 78 size: 7 bs: 1.06718e-10
729 1261 2521 2540 2855 3036 3661 
#module 79 size: 5 bs: 1.52622e-10
393 461 1730 2000 4139 
#module 80 size: 5 bs: 1.06718e-10
404 962 2239 2926 4521 
#module 81 size: 7 bs: 2.40291e-08
415 492 935 1196 2244 3151 5559 
#module 82 size: 6 bs: 3.74175e-08
472 1450 2268 2713 3717 5748 
#module 83 size: 6 bs: 1.13361e-08
473 712 1072 2792 3927 4967 
#module 84 size: 4 bs: 6.9722e-14
474 1363 2648 5713 
#module 85 size: 7 bs: 2.04805e-07
484 620 1989 2261 3047 3469 4900 
#module 86 size: 7 bs: 4.26972e-101
508 921 1053 3092 4623 4949 5376 
#module 87 size: 7 bs: 2.76779e-13
642 1452 1515 2658 3409 3648 5558 
#module 88 size: 6 bs: 1.44329e-15
548 1933 2218 2402 3064 5328 
#module 89 size: 6 bs: 0.000106646
571 1695 1841 2602 3708 5034 
#module 90 size: 5 bs: 7.03448e-08
1297 1307 2126 5225 5716 
#module 91 size: 6 bs: 1.46638e-12
581 1041 1258 2129 3679 5673 
#module 92 size: 5 bs: 8.80973e-12
624 1348 3658 4833 5650 
#module 93 size: 7 bs: 4.70771e-06
670 1020 1920 3206 3596 3966 4096 
#module 94 size: 9 bs: 0.0271206
653 841 1004 1447 2914 3416 3641 3828 4108 
#module 95 size: 7 bs: 2.54427e-10
783 2068 2153 3777 3961 5077 5464 
#module 96 size: 5 bs: 2.70329e-101
1294 1397 1499 3122 5215 
#module 97 size: 7 bs: 6.74849e-08
661 1717 2331 3499 3587 4806 5128 
#module 98 size: 6 bs: 7.48584e-09
1006 2120 2450 3091 4806 5118 
#module 99 size: 6 bs: 3.15028e-10
664 1114 2063 3861 3970 3986 
#module 100 size: 5 bs: 3.23442e-11
847 1119 1234 1755 4357 
#module 101 size: 5 bs: 4.06689e-09
666 1582 2066 2497 2805 
#module 102 size: 7 bs: 5.35122e-06
670 681 841 1841 2053 2671 2687 
#module 103 size: 5 bs: 9.35253e-06
682 1636 2131 3283 3616 
#module 104 size: 5 bs: 8.9519e-09
692 847 3747 5416 5507 
#module 105 size: 7 bs: 1.06718e-10
833 1114 1304 2077 3621 3748 4955 
#module 106 size: 5 bs: 7.03448e-08
728 2051 3243 5133 5474 
#module 107 size: 7 bs: 0.000413572
1254 1261 2041 4239 4394 5031 5512 
#module 108 size: 5 bs: 0.00190959
737 1550 2630 3590 3688 
#module 109 size: 5 bs: 5.09592e-14
743 961 4405 4963 5216 
#module 110 size: 5 bs: 7.48583e-09
748 937 1353 1988 2736 
#module 111 size: 6 bs: 3.0783e-11
749 2897 3288 4691 4707 5531 
#module 112 size: 8 bs: 1.06718e-10
781 1262 1477 2231 3255 4132 4485 5635 
#module 113 size: 5 bs: 4.70771e-06
785 1452 2117 2903 5286 
#module 114 size: 4 bs: 2.64669e-08
815 2280 3608 4355 
#module 115 size: 4 bs: 4.84205e-101
825 3617 5130 5383 
#module 116 size: 6 bs: 0.000160891
831 2334 3037 3185 3286 3795 
#module 117 size: 6 bs: 2.04805e-07
870 1433 1485 1802 2415 4525 
#module 118 size: 5 bs: 6.9722e-14
876 3000 3001 4896 5138 
#module 119 size: 5 bs: 0.000917209
884 2799 2901 4481 4482 
#module 120 size: 4 bs: 1.60244e-09
939 2380 4253 5613 
#module 121 size: 5 bs: 7.48583e-09
940 1246 1531 4277 5015 
#module 122 size: 5 bs: 1.64003e-05
968 1683 2012 3783 4515 
#module 123 size: 4 bs: 1.16194e-05
1008 2631 4681 5456 
#module 124 size: 5 bs: 1.15426e-05
1023 3176 3226 4550 4912 
#module 125 size: 4 bs: 1.06718e-10
1033 1701 2295 4222 
#module 126 size: 5 bs: 2.04805e-07
1045 1535 1709 3189 4302 
#module 127 size: 5 bs: 1.06718e-10
1059 1243 1316 3094 3119 
#module 128 size: 4 bs: 2.04806e-07
1099 3568 3728 4493 
#module 129 size: 5 bs: 1.06718e-10
1217 1881 2274 2553 5008 
#module 130 size: 4 bs: 7.66617e-08
1233 2176 2854 4664 
#module 131 size: 7 bs: 2.04805e-07
1266 1507 1691 2424 3389 4003 5139 
#module 132 size: 4 bs: 0.000134264
1293 2215 4271 5524 
#module 133 size: 5 bs: 1.06718e-10
1326 1767 3643 4163 4432 
#module 134 size: 5 bs: 2.04805e-07
1380 1770 2266 3093 5020 
#module 135 size: 5 bs: 6.6394e-101
1452 2733 3190 5485 5702 
#module 136 size: 7 bs: 2.04805e-07
1559 2109 2911 2948 3839 4211 5754 
#module 137 size: 6 bs: 1.06718e-10
1666 2142 2578 2580 4541 4794 
#module 138 size: 7 bs: 0.000343531
1758 2428 3510 4527 4532 4574 5743 
#module 139 size: 5 bs: 2.24809e-08
1793 2126 2268 5304 5641 
#module 140 size: 10 bs: 0.000590065
1828 2494 2520 2886 3581 3755 3985 4093 5421 5679 
#module 141 size: 5 bs: 6.55962e-101
1857 1995 2582 2720 3850 
#module 142 size: 6 bs: 6.9722e-14
2899 3850 4459 4544 4633 5737 
#module 143 size: 5 bs: 3.26519e-101
1892 2056 2159 4360 4629 
#module 144 size: 5 bs: 1.36297e-05
1997 2668 3242 3317 5347 
#module 145 size: 5 bs: 1.30718e-102
2094 2882 3344 3472 4186 
#module 146 size: 4 bs: 1.34815e-08
2149 2910 3684 3754 
#module 147 size: 5 bs: 1.06718e-10
2390 2493 3418 4084 4441 
#module 148 size: 4 bs: 1.06718e-10
2767 4175 4485 5443 
#module 149 size: 5 bs: 2.55714e-07
2955 4436 4861 5204 5493 
#module 150 size: 4 bs: 2.04805e-07
3067 4023 4328 5059 
#module 151 size: 5 bs: 1.60244e-09
3130 3569 3690 5285 5657 
#module 152 size: 4 bs: 1.06718e-10
3432 3872 4823 5160 
#module 153 size: 6 bs: 2.46435e-05
3627 4081 4750 4803 4981 5049 
#module 154 size: 8 bs: 5.90187e-09
472 714 2976 3227 4272 4874 5069 5312 
#module 155 size: 5 bs: 0.00133252
472 562 2090 2385 4510 
#module 156 size: 5 bs: 0.000108663
707 1047 2958 2959 3982 
#module 157 size: 6 bs: 4.25943e-05
42 146 1633 2051 3621 4548 
#module 158 size: 6 bs: 0.000305299
1357 1761 4792 4961 5557 5560 
#module 159 size: 6 bs: 4.99023e-06
926 930 1115 3852 4186 4190 
#module 160 size: 5 bs: 7.39436e-06
207 1290 1576 2606 3153 
#module 161 size: 7 bs: 5.79217e-11
569 1290 1337 1672 2762 2807 4610 
#module 162 size: 5 bs: 7.48583e-09
215 1215 1279 1548 4679 
#module 163 size: 5 bs: 0.000181151
1548 2090 2983 3243 4172 
#module 164 size: 8 bs: 5.97855e-13
530 864 2264 3055 3465 4571 5516 5719 
#module 165 size: 8 bs: 1.35228e-11
588 863 3055 3465 4252 4273 4849 4868 
#module 166 size: 7 bs: 4.79098e-06
3246 3610 3777 4152 4462 4721 4736 
#module 167 size: 7 bs: 0.0364118
624 2033 2826 3596 3610 5070 5447 
#module 168 size: 8 bs: 1.07692e-13
940 953 2033 3380 3757 4094 4845 5401 
#module 169 size: 6 bs: 9.11945e-07
2281 2920 3392 3734 5232 5451 
#module 170 size: 6 bs: 0.000411804
718 2117 2281 3245 4249 4961 
#module 171 size: 12 bs: 1.66378e-05
20 141 182 916 941 2004 2458 4024 4265 4377 4939 5227 
#module 172 size: 9 bs: 2.84595e-06
216 226 407 2020 2664 3032 4727 5195 5431 
#module 173 size: 7 bs: 1.64357e-05
41 396 797 1252 3198 3827 4072 
#module 174 size: 7 bs: 4.28464e-101
266 2155 3100 4237 5162 5212 5248 
#module 175 size: 9 bs: 0.000526113
413 687 2141 2420 2628 3107 3275 3804 5217 
#module 176 size: 6 bs: 6.9722e-14
445 923 1155 1448 1463 5071 
#module 177 size: 8 bs: 0.00315828
580 914 1520 3445 3553 4781 5006 5223 
#module 178 size: 9 bs: 0.00316056
742 1251 2707 2922 3228 4012 5434 5523 5569 
#module 179 size: 7 bs: 0.000526179
905 1022 1236 3316 3583 4414 5467 
#module 180 size: 7 bs: 0.0462473
1120 1569 1812 2199 3449 4772 4891 
#module 181 size: 7 bs: 0.000526178
2180 3244 3843 4756 5100 5316 5479 
#module 182 size: 7 bs: 1.15463e-14
170 425 1186 1525 2958 3438 3773 
#module 183 size: 3 bs: 0.000525214
79 2659 2794 
#module 184 size: 3 bs: 0.000525213
106 264 2712 
#module 185 size: 3 bs: 0.000525214
359 1159 1427 
#module 186 size: 3 bs: 0.000525214
361 1085 3212 
#module 187 size: 3 bs: 0.0461645
2238 4326 5192 
#module 188 size: 5 bs: 3.53455e-08
1713 3095 3952 4065 4947 
#module 189 size: 3 bs: 0.000525214
606 1465 2103 
#module 190 size: 3 bs: 0.000525213
622 3910 3969 
#module 191 size: 3 bs: 0.000525214
631 5385 5678 
#module 192 size: 3 bs: 0.0461645
635 1118 3857 
#module 193 size: 3 bs: 0.000525214
656 3459 4242 
#module 194 size: 3 bs: 0.000525213
688 2393 4151 
#module 195 size: 3 bs: 0.000525213
738 1861 2893 
#module 196 size: 3 bs: 0.000525214
750 1075 2457 
#module 197 size: 3 bs: 0.000525214
766 1854 2166 
#module 198 size: 3 bs: 0.000525214
775 1670 3725 
#module 199 size: 5 bs: 0.00052515
860 893 986 2289 4495 
#module 200 size: 3 bs: 0.000525213
877 1302 4089 
#module 201 size: 3 bs: 0.000525214
891 3609 5528 
#module 202 size: 3 bs: 0.000525214
907 2984 4207 
#module 203 size: 3 bs: 0.000525213
920 2137 4657 
#module 204 size: 3 bs: 0.000525214
985 1177 4923 
#module 205 size: 3 bs: 0.000525214
995 2179 3739 
#module 206 size: 3 bs: 0.000525214
999 2237 4177 
#module 207 size: 3 bs: 0.000525213
1015 1686 2699 
#module 208 size: 3 bs: 0.000525214
1035 4590 5003 
#module 209 size: 3 bs: 0.000525214
1055 1058 4984 
#module 210 size: 3 bs: 0.000525213
1136 1747 2820 
#module 211 size: 3 bs: 0.000525214
1184 1494 4540 
#module 212 size: 3 bs: 0.000525214
1207 4235 4490 
#module 213 size: 3 bs: 0.000525213
1208 3813 5339 
#module 214 size: 3 bs: 0.000525213
1270 2447 3799 
#module 215 size: 3 bs: 0.000525214
1356 1776 4723 
#module 216 size: 3 bs: 0.000525213
1443 1791 5432 
#module 217 size: 3 bs: 0.000525213
1487 5348 5744 
#module 218 size: 3 bs: 0.000525213
1589 2197 4690 
#module 219 size: 3 bs: 0.000525213
1625 2414 5144 
#module 220 size: 3 bs: 0.0461646
1681 1757 4183 
#module 221 size: 3 bs: 0.000525213
1682 1897 2504 
#module 222 size: 3 bs: 0.000525213
1706 1955 5691 
#module 223 size: 3 bs: 0.000525214
1887 3220 4409 
#module 224 size: 3 bs: 0.000525214
2217 4595 5367 
#module 225 size: 5 bs: 0.000525149
2232 2326 3388 5157 5198 
#module 226 size: 3 bs: 0.000525214
2275 2401 3718 
#module 227 size: 3 bs: 0.000525213
2430 4937 5243 
#module 228 size: 3 bs: 0.000525214
2444 2957 3072 
#module 229 size: 3 bs: 0.000525214
2571 4217 4848 
#module 230 size: 4 bs: 1.64003e-05
2876 2975 3703 4558 
#module 231 size: 3 bs: 0.000525214
2754 5219 5647 
#module 232 size: 3 bs: 0.000525214
3269 4458 5420 
#module 233 size: 3 bs: 0.000525213
3352 3434 5606 
#module 234 size: 3 bs: 0.000525214
3597 4191 4198 
#module 235 size: 3 bs: 0.000525214
3625 4834 4945 
#module 236 size: 3 bs: 0.000525214
3990 4294 4618 
#module 237 size: 3 bs: 0.000525214
4067 4396 5011 
#module 238 size: 3 bs: 0.000525213
4318 5185 5400 
#module 239 size: 6 bs: 0.0094195
48 196 1334 1414 1432 1996 
#module 240 size: 8 bs: 0.00314845
789 886 1532 2615 2759 3182 3496 4283 
#module 241 size: 13 bs: 0.00414243
430 632 865 984 1094 1479 1786 2066 2270 2358 4281 4337 5616 
#module 242 size: 15 bs: 4.58259e-05
66 943 1047 1104 1725 1846 2168 2744 3236 5263 5359 5577 5578 5597 5747 
#module 243 size: 5 bs: 0.000590678
73 204 1572 5272 5485 
#module 244 size: 4 bs: 4.10089e-06
83 377 1707 3494 
#module 245 size: 16 bs: 0.00320926
217 705 963 2462 2629 2653 3238 3373 3610 3777 4092 4113 4123 5064 5211 5605 
#module 246 size: 13 bs: 3.43064e-05
946 1219 1278 1807 1980 2090 2683 2891 2994 4307 5233 5529 5724 
#module 247 size: 10 bs: 0.000319824
569 1011 1538 1605 1612 2395 2747 4204 4870 5542 
#module 0 size: 6 bs: 1.10848e-09
11 81 191 434 1064 2148 
#module 1 size: 10 bs: 5.69464e-101
19 69 612 931 2157 2435 2721 3155 5121 5122 
#module 2 size: 9 bs: 0.0464304
247 1438 1603 1792 2192 3291 3592 3928 4894 
#module 3 size: 9 bs: 1.11022e-16
224 838 1241 1931 3550 3800 4020 4021 4708 
#module 4 size: 8 bs: 1.11022e-16
358 577 623 684 832 1473 4892 5671 
#module 5 size: 4 bs: 0.00416861
542 2890 3614 5733 
#module 6 size: 7 bs: 4.26437e-12
234 2348 2646 2676 3482 4694 4820 
#module 7 size: 7 bs: 1.15463e-14
109 2032 2070 2498 2568 4388 4597 
#module 8 size: 7 bs: 6.11997e-101
90 2723 2852 3458 3639 3752 5238 
#module 9 size: 7 bs: 2.56062e-09
219 2182 3054 3503 4194 4404 4725 
#module 10 size: 7 bs: 4.05902e-10
570 573 1962 3408 3488 4154 5073 
#module 11 size: 6 bs: 1.79492e-07
21 583 2293 3911 4230 4408 
#module 12 size: 6 bs: 1.70425e-08
10 156 758 1080 2637 3213 
#module 13 size: 6 bs: 0.0612627
427 449 1715 2697 3305 5134 
#module 14 size: 5 bs: 1.02202e-05
216 407 3032 5195 5431 
#module 15 size: 5 bs: 5.30458e-08
258 3426 3589 4946 5027 
#module 16 size: 5 bs: 1.06718e-10
546 1263 1966 1990 3403 
#module 17 size: 5 bs: 0.00036853
63 381 852 2018 2097 
#module 18 size: 4 bs: 2.04805e-07
175 3806 4295 4649 
#module 19 size: 4 bs: 7.17934e-06
459 506 4041 4412 
#module 20 size: 3 bs: 0.000525214
96 1631 3863 
#module 21 size: 5 bs: 1.06718e-10
53 2191 2566 4821 5766 
#module 22 size: 10 bs: 4.25943e-05
1243 1273 1481 1930 1963 2066 3230 4956 5376 5449 
#module 23 size: 6 bs: 7.85726e-07
142 1978 2991 4330 5208 5488 
#module 24 size: 6 bs: 4.06689e-09
13 2377 3298 3414 4654 4719 
#module 25 size: 4 bs: 6.9722e-14
16 1702 2235 4503 
#module 26 size: 5 bs: 4.16882e-07
44 472 1222 1484 2078 
#module 27 size: 8 bs: 0.00113544
472 714 2976 3227 4272 4874 5069 5312 
#module 28 size: 9 bs: 5.90187e-09
1222 1496 2171 2732 3600 4345 4531 5237 5539 
#module 29 size: 5 bs: 2.22045e-16
49 2622 3730 3734 4995 
#module 30 size: 7 bs: 1.95444e-07
64 1286 1988 3734 4124 4460 4870 
#module 31 size: 5 bs: 6.394e-09
54 300 572 1121 4071 
#module 32 size: 7 bs: 7.17536e-05
204 2193 2220 2258 4653 5082 5468 
#module 33 size: 5 bs: 0.000590678
541 1246 2341 3563 5485 
#module 34 size: 6 bs: 1.02884e-12
77 2609 3034 3260 4824 5026 
#module 35 size: 5 bs: 0.000193589
78 356 858 3338 3442 
#module 36 size: 5 bs: 1.06718e-10
213 1493 1716 3862 4011 
#module 37 size: 7 bs: 0.0187103
91 238 679 1111 1380 2171 5732 
#module 38 size: 4 bs: 7.48583e-09
100 262 2894 5168 
#module 39 size: 7 bs: 3.47388e-11
104 277 888 1132 1630 2144 2898 
#module 40 size: 8 bs: 2.04805e-07
2144 2268 2636 2796 2812 2840 4284 4880 
#module 41 size: 6 bs: 4.3557e-11
2260 2823 2898 2919 3222 3358 
#module 42 size: 4 bs: 9.97757e-13
136 1140 3262 4983 
#module 43 size: 5 bs: 3.23443e-11
145 643 2028 4300 5065 
#module 44 size: 12 bs: 2.04805e-07
556 812 843 1615 1687 2058 2337 2788 3461 3648 4668 5065 
#module 45 size: 4 bs: 1.46506e-07
151 3780 3860 3878 
#module 46 size: 5 bs: 6.80391e-101
163 894 1690 1914 4588 
#module 47 size: 6 bs: 2.04805e-07
168 571 2657 2924 3430 4901 
#module 48 size: 4 bs: 4.43333e-09
184 340 3005 5321 
#module 49 size: 7 bs: 2.04805e-07
616 1431 1488 2218 3495 5208 5290 
#module 50 size: 7 bs: 0.00574578
555 866 1970 2643 3474 4082 4724 
#module 51 size: 10 bs: 6.91074e-10
200 281 1336 1435 2321 3053 3188 4549 4814 5740 
#module 52 size: 6 bs: 1.27108e-08
204 1744 2240 3167 3825 3901 
#module 53 size: 5 bs: 2.95448e-101
767 1797 3027 4496 5136 
#module 54 size: 5 bs: 0.000115962
205 694 2436 3101 5623 
#module 55 size: 5 bs: 6.02582e-10
207 1290 1576 2606 3153 
#module 56 size: 7 bs: 2.61759e-07
569 1290 1337 1672 2762 2807 4610 
#module 57 size: 9 bs: 1.06718e-10
209 617 1338 1563 2826 3474 3648 4961 5196 
#module 58 size: 6 bs: 7.39435e-06
211 593 602 810 1734 5460 
#module 59 size: 5 bs: 5.79216e-11
211 640 2511 2833 5498 
#module 60 size: 5 bs: 9.41743e-07
218 871 1067 1152 5143 
#module 61 size: 13 bs: 5.48503e-05
222 562 587 616 720 1350 2036 2858 3835 4059 4713 4720 5133 
#module 62 size: 5 bs: 7.17935e-06
230 820 2542 3374 3834 
#module 63 size: 9 bs: 1.06718e-10
237 260 531 597 1602 1739 2998 3147 4025 
#module 64 size: 6 bs: 4.13919e-05
1772 3181 3219 3243 4707 5125 
#module 65 size: 8 bs: 1.73738e-05
267 1000 1269 1303 2793 3548 4529 4764 
#module 66 size: 9 bs: 2.69401e-07
267 690 1216 1284 1722 1910 3193 5092 5140 
#module 67 size: 7 bs: 1.05739e-10
275 1298 1643 1649 3638 4748 5303 
#module 68 size: 6 bs: 7.55417e-06
286 1704 1878 2564 3696 4268 
#module 69 size: 7 bs: 9.40483e-101
504 702 761 1704 2505 4367 5109 
#module 70 size: 4 bs: 1.2732e-10
308 900 2904 3705 
#module 71 size: 5 bs: 8.12425e-09
312 937 1365 3483 3975 
#module 72 size: 4 bs: 2.54241e-14
338 2107 2688 3509 
#module 73 size: 6 bs: 2.04805e-07
362 1886 2093 3371 3397 4646 
#module 74 size: 5 bs: 2.24809e-08
382 1900 2534 3048 5551 
#module 75 size: 7 bs: 2.04805e-07
729 1261 2521 2540 2855 3036 3661 
#module 76 size: 5 bs: 6.9722e-14
393 461 1730 2000 4139 
#module 77 size: 5 bs: 1.06718e-10
404 962 2239 2926 4521 
#module 78 size: 7 bs: 1.06718e-10
415 492 935 1196 2244 3151 5559 
#module 79 size: 6 bs: 2.40291e-08
472 1450 2268 2713 3717 5748 
#module 80 size: 5 bs: 3.74175e-08
472 562 2090 2385 4510 
#module 81 size: 6 bs: 1.01932e-05
473 712 1072 2792 3927 4967 
#module 82 size: 4 bs: 1.13066e-08
474 1363 2648 5713 
#module 83 size: 7 bs: 0.00133252
484 620 1989 2261 3047 3469 4900 
#module 84 size: 7 bs: 6.9722e-14
508 921 1053 3092 4623 4949 5376 
#module 85 size: 7 bs: 2.04805e-07
642 1452 1515 2658 3409 3648 5558 
#module 86 size: 6 bs: 2.76779e-13
548 1933 2218 2402 3064 5328 
#module 87 size: 6 bs: 1.44329e-15
571 1695 1841 2602 3708 5034 
#module 88 size: 5 bs: 8.3783e-05
1297 1307 2126 5225 5716 
#module 89 size: 6 bs: 7.03448e-08
581 1041 1258 2129 3679 5673 
#module 90 size: 7 bs: 8.80973e-12
670 1020 1920 3206 3596 3966 4096 
#module 91 size: 9 bs: 4.70771e-06
653 841 1004 1447 2914 3416 3641 3828 4108 
#module 92 size: 7 bs: 0.0271206
783 2068 2153 3777 3961 5077 5464 
#module 93 size: 5 bs: 2.54427e-10
1294 1397 1499 3122 5215 
#module 94 size: 7 bs: 0.00019359
661 1717 2331 3499 3587 4806 5128 
#module 95 size: 6 bs: 2.47262e-101
1006 2120 2450 3091 4806 5118 
#module 96 size: 6 bs: 6.74849e-08
664 1114 2063 3861 3970 3986 
#module 97 size: 5 bs: 3.15028e-10
847 1119 1234 1755 4357 
#module 98 size: 5 bs: 3.23443e-11
666 1582 2066 2497 2805 
#module 99 size: 7 bs: 4.0616e-09
670 681 841 1841 2053 2671 2687 
#module 100 size: 5 bs: 1.36297e-05
682 1636 2131 3283 3616 
#module 101 size: 5 bs: 6.6629e-06
692 847 3747 5416 5507 
#module 102 size: 7 bs: 9.35253e-06
833 1114 1304 2077 3621 3748 4955 
#module 103 size: 6 bs: 8.95189e-09
718 2117 2281 3245 4249 4961 
#module 104 size: 5 bs: 1.06718e-10
785 1452 2117 2903 5286 
#module 105 size: 6 bs: 7.48583e-09
2281 2920 3392 3734 5232 5451 
#module 106 size: 5 bs: 7.03449e-08
728 2051 3243 5133 5474 
#module 107 size: 7 bs: 0.000413572
1254 1261 2041 4239 4394 5031 5512 
#module 108 size: 5 bs: 0.000411804
737 1550 2630 3590 3688 
#module 109 size: 5 bs: 5.00479e-07
743 961 4405 4963 5216 
#module 110 size: 5 bs: 0.00133252
748 937 1353 1988 2736 
#module 111 size: 6 bs: 5.09592e-14
749 2897 3288 4691 4707 5531 
#module 112 size: 4 bs: 3.07832e-11
815 2280 3608 4355 
#module 113 size: 4 bs: 1.06718e-10
825 3617 5130 5383 
#module 114 size: 6 bs: 4.70771e-06
831 2334 3037 3185 3286 3795 
#module 115 size: 6 bs: 2.08109e-07
870 1433 1485 1802 2415 4525 
#module 116 size: 5 bs: 2.04805e-07
876 3000 3001 4896 5138 
#module 117 size: 5 bs: 2.04805e-07
884 2799 2901 4481 4482 
#module 118 size: 4 bs: 1.06718e-10
939 2380 4253 5613 
#module 119 size: 5 bs: 1.06718e-10
940 1246 1531 4277 5015 
#module 120 size: 5 bs: 1.64002e-05
968 1683 2012 3783 4515 
#module 121 size: 4 bs: 1.16194e-05
1008 2631 4681 5456 
#module 122 size: 5 bs: 4.713e-07
1023 3176 3226 4550 4912 
#module 123 size: 4 bs: 7.17934e-06
1033 1701 2295 4222 
#module 124 size: 5 bs: 0.000134264
1045 1535 1709 3189 4302 
#module 125 size: 5 bs: 0.000134264
1059 1243 1316 3094 3119 
#module 126 size: 4 bs: 1.06718e-10
1099 3568 3728 4493 
#module 127 size: 5 bs: 2.04806e-07
1217 1881 2274 2553 5008 
#module 128 size: 4 bs: 1.06718e-10
1233 2176 2854 4664 
#module 129 size: 7 bs: 2.04805e-07
1266 1507 1691 2424 3389 4003 5139 
#module 130 size: 4 bs: 1.06718e-10
1293 2215 4271 5524 
#module 131 size: 5 bs: 7.66616e-08
1326 1767 3643 4163 4432 
#module 132 size: 5 bs: 2.04805e-07
1380 1770 2266 3093 5020 
#module 133 size: 5 bs: 1.06718e-10
1452 2733 3190 5485 5702 
#module 134 size: 7 bs: 2.04805e-07
1559 2109 2911 2948 3839 4211 5754 
#module 135 size: 6 bs: 4.88058e-101
1666 2142 2578 2580 4541 4794 
#module 136 size: 7 bs: 2.04805e-07
1758 2428 3510 4527 4532 4574 5743 
#module 137 size: 5 bs: 1.06718e-10
1793 2126 2268 5304 5641 
#module 138 size: 10 bs: 0.000305299
1828 2494 2520 2886 3581 3755 3985 4093 5421 5679 
#module 139 size: 5 bs: 0.000590065
1892 2056 2159 4360 4629 
#module 140 size: 5 bs: 8.76332e-103
1997 2668 3242 3317 5347 
#module 141 size: 4 bs: 6.76495e-101
2149 2910 3684 3754 
#module 142 size: 5 bs: 2.29999e-101
2390 2493 3418 4084 4441 
#module 143 size: 5 bs: 1.07944e-10
2955 4436 4861 5204 5493 
#module 144 size: 4 bs: 1.06718e-10
3067 4023 4328 5059 
#module 145 size: 5 bs: 1.06718e-10
3130 3569 3690 5285 5657 
#module 146 size: 4 bs: 2.55714e-07
3432 3872 4823 5160 
#module 147 size: 6 bs: 2.04806e-07
3627 4081 4750 4803 4981 5049 
#module 148 size: 5 bs: 0.0552601
3 771 895 2051 2066 
#module 149 size: 8 bs: 5.54901e-12
826 895 977 1618 3499 3769 5343 5368 
#module 150 size: 5 bs: 7.48584e-09
215 1215 1279 1548 4679 
#module 151 size: 5 bs: 0.000181151
1548 2090 2983 3243 4172 
#module 152 size: 8 bs: 5.97855e-13
530 864 2264 3055 3465 4571 5516 5719 
#module 153 size: 8 bs: 1.35228e-11
588 863 3055 3465 4252 4273 4849 4868 
#module 154 size: 6 bs: 0.000219759
705 2629 3610 3777 4092 4123 
#module 155 size: 7 bs: 9.61547e-06
3246 3610 3777 4152 4462 4721 4736 
#module 156 size: 7 bs: 0.0364119
624 2033 2826 3596 3610 5070 5447 
#module 157 size: 8 bs: 1.07692e-13
940 953 2033 3380 3757 4094 4845 5401 
#module 158 size: 8 bs: 7.19457e-101
781 1262 1477 2231 3255 4132 4485 5635 
#module 159 size: 4 bs: 2.46435e-05
2767 4175 4485 5443 
#module 160 size: 5 bs: 1.34815e-08
1857 1995 2582 2720 3850 
#module 161 size: 6 bs: 8.80973e-12
2899 3850 4459 4544 4633 5737 
#module 162 size: 14 bs: 0.0470674
41 313 396 409 797 1252 1640 2814 3198 3827 4072 4285 5342 5436 
#module 163 size: 10 bs: 7.75435e-08
265 468 559 1801 1982 3865 4865 5417 5466 5627 
#module 164 size: 13 bs: 7.63212e-09
20 141 182 916 941 2004 2458 4024 4265 4377 4822 4939 5227 
#module 165 size: 6 bs: 0.0094195
48 196 1334 1414 1432 1996 
#module 166 size: 11 bs: 2.25028e-06
42 146 672 1633 1798 2051 3604 3621 4455 4470 4548 
#module 167 size: 7 bs: 1.15463e-14
170 425 1186 1525 2958 3438 3773 
#module 168 size: 7 bs: 9.55636e-101
266 2155 3100 4237 5162 5212 5248 
#module 169 size: 9 bs: 0.0470452
276 913 1054 1081 1500 1970 2167 3346 3970 
#module 170 size: 9 bs: 0.000526114
413 687 2141 2420 2628 3107 3275 3804 5217 
#module 171 size: 6 bs: 6.9722e-14
445 923 1155 1448 1463 5071 
#module 172 size: 12 bs: 0.00944539
110 580 914 1520 3445 3484 3553 3637 4037 4781 5006 5223 
#module 173 size: 9 bs: 0.00315891
742 1251 2707 2922 3228 4012 5434 5523 5569 
#module 174 size: 7 bs: 0.000526179
905 1022 1236 3316 3583 4414 5467 
#module 175 size: 7 bs: 0.0462473
1120 1569 1812 2199 3449 4772 4891 
#module 176 size: 21 bs: 7.90282e-05
926 930 1115 1357 1761 2094 2205 2882 3033 3344 3472 3507 3611 3852 4186 4190 4792 4961 5025 5557 5560 
#module 177 size: 7 bs: 0.000526179
2180 3244 3843 4756 5100 5316 5479 
#module 178 size: 3 bs: 0.000525214
79 2659 2794 
#module 179 size: 3 bs: 0.000525213
106 264 2712 
#module 180 size: 4 bs: 0.000229398
635 1118 3857 4218 
#module 181 size: 3 bs: 0.000525214
359 1159 1427 
#module 182 size: 3 bs: 0.000525214
361 1085 3212 
#module 183 size: 3 bs: 0.0461645
2238 4326 5192 
#module 184 size: 5 bs: 3.53455e-08
1713 3095 3952 4065 4947 
#module 185 size: 3 bs: 0.000525214
606 1465 2103 
#module 186 size: 3 bs: 0.000525214
622 3910 3969 
#module 187 size: 3 bs: 0.000525213
631 5385 5678 
#module 188 size: 3 bs: 0.000525214
656 3459 4242 
#module 189 size: 3 bs: 0.000525213
688 2393 4151 
#module 190 size: 3 bs: 0.000525214
738 1861 2893 
#module 191 size: 3 bs: 0.000525214
750 1075 2457 
#module 192 size: 3 bs: 0.000525214
766 1854 2166 
#module 193 size: 3 bs: 0.000525214
775 1670 3725 
#module 194 size: 5 bs: 0.00052515
860 893 986 2289 4495 
#module 195 size: 3 bs: 0.000525214
877 1302 4089 
#module 196 size: 3 bs: 0.000525214
891 3609 5528 
#module 197 size: 3 bs: 0.000525214
907 2984 4207 
#module 198 size: 3 bs: 0.000525214
920 2137 4657 
#module 199 size: 3 bs: 0.000525213
985 1177 4923 
#module 200 size: 3 bs: 0.000525214
995 2179 3739 
#module 201 size: 3 bs: 0.000525214
999 2237 4177 
#module 202 size: 3 bs: 0.000525213
1015 1686 2699 
#module 203 size: 3 bs: 0.000525214
1035 4590 5003 
#module 204 size: 3 bs: 0.000525214
1055 1058 4984 
#module 205 size: 3 bs: 0.000525214
1136 1747 2820 
#module 206 size: 3 bs: 0.000525214
1184 1494 4540 
#module 207 size: 3 bs: 0.000525214
1207 4235 4490 
#module 208 size: 3 bs: 0.000525214
1208 3813 5339 
#module 209 size: 3 bs: 0.000525213
1270 2447 3799 
#module 210 size: 3 bs: 0.000525214
1356 1776 4723 
#module 211 size: 3 bs: 0.000525214
1443 1791 5432 
#module 212 size: 3 bs: 0.000525214
1487 5348 5744 
#module 213 size: 3 bs: 0.000525214
1589 2197 4690 
#module 214 size: 3 bs: 0.000525213
1625 2414 5144 
#module 215 size: 3 bs: 0.000525214
1682 1897 2504 
#module 216 size: 3 bs: 0.000525213
1706 1955 5691 
#module 217 size: 3 bs: 0.000525214
1887 3220 4409 
#module 218 size: 3 bs: 0.000525213
2217 4595 5367 
#module 219 size: 5 bs: 0.000525149
2232 2326 3388 5157 5198 
#module 220 size: 3 bs: 0.000525213
2275 2401 3718 
#module 221 size: 3 bs: 0.000525214
2430 4937 5243 
#module 222 size: 3 bs: 0.000525214
2444 2957 3072 
#module 223 size: 3 bs: 0.000525214
2571 4217 4848 
#module 224 size: 4 bs: 1.64003e-05
2876 2975 3703 4558 
#module 225 size: 3 bs: 0.000525213
2754 5219 5647 
#module 226 size: 3 bs: 0.000525214
3269 4458 5420 
#module 227 size: 3 bs: 0.000525213
3352 3434 5606 
#module 228 size: 3 bs: 0.000525213
3597 4191 4198 
#module 229 size: 3 bs: 0.000525213
3625 4834 4945 
#module 230 size: 3 bs: 0.000525214
3990 4294 4618 
#module 231 size: 3 bs: 0.000525213
4067 4396 5011 
#module 232 size: 3 bs: 0.000525213
4318 5185 5400 
#module 233 size: 12 bs: 0.0690432
174 252 951 1372 1785 2908 4730 4964 4965 5288 5666 5735 
#module 234 size: 10 bs: 0.000525123
789 886 1532 2615 2691 2759 3182 3496 3673 4283 
#module 235 size: 6 bs: 7.14102e-07
430 632 1786 2066 4337 5616 
#module 236 size: 7 bs: 0.000299862
865 1479 1681 1757 2270 2358 4183 
#module 237 size: 19 bs: 0.000171128
66 707 943 1047 1104 1725 1846 2168 2744 2958 2959 3236 3982 5263 5359 5577 5578 5597 5747 
#module 238 size: 5 bs: 0.000590065
73 204 1572 5272 5485 
#module 239 size: 4 bs: 4.10089e-06
83 377 1707 3494 
#module 240 size: 11 bs: 0.00162582
217 963 2462 2653 3238 3373 3777 4113 5064 5211 5605 
#module 241 size: 13 bs: 3.43063e-05
946 1219 1278 1807 1980 2090 2683 2891 2994 4307 5233 5529 5724 
#module 242 size: 10 bs: 0.000319824
569 1011 1538 1605 1612 2395 2747 4204 4870 5542 
#module 243 size: 11 bs: 0.0955489
624 665 1257 1348 1755 2374 2858 3658 4735 4833 5650 
#module 0 size: 6 bs: 1.10848e-09
11 81 191 434 1064 2148 
#module 1 size: 10 bs: 2.45581e-102
19 69 612 931 2157 2435 2721 3155 5121 5122 
#module 2 size: 9 bs: 0.0464303
247 1438 1603 1792 2192 3291 3592 3928 4894 
#module 3 size: 9 bs: 1.11022e-16
224 838 1241 1931 3550 3800 4020 4021 4708 
#module 4 size: 8 bs: 1.11022e-16
358 577 623 684 832 1473 4892 5671 
#module 5 size: 4 bs: 0.0807121
542 3890 3950 4218 
#module 6 size: 7 bs: 1.15463e-14
109 2032 2070 2498 2568 4388 4597 
#module 7 size: 7 bs: 5.40372e-101
90 2723 2852 3458 3639 3752 5238 
#module 8 size: 7 bs: 2.56062e-09
219 2182 3054 3503 4194 4404 4725 
#module 9 size: 7 bs: 4.27447e-12
234 2348 2646 2676 3482 4694 4820 
#module 10 size: 7 bs: 4.05902e-10
570 573 1962 3408 3488 4154 5073 
#module 11 size: 6 bs: 1.79492e-07
21 583 2293 3911 4230 4408 
#module 12 size: 6 bs: 1.76392e-08
265 468 559 1801 1982 3865 
#module 13 size: 6 bs: 1.10095e-08
313 409 1640 2814 4285 5342 
#module 14 size: 6 bs: 1.70425e-08
10 156 758 1080 2637 3213 
#module 15 size: 6 bs: 0.0612627
427 449 1715 2697 3305 5134 
#module 16 size: 5 bs: 0.000367193
63 381 852 2018 2097 
#module 17 size: 5 bs: 5.30458e-08
258 3426 3589 4946 5027 
#module 18 size: 5 bs: 1.06718e-10
546 1263 1966 1990 3403 
#module 19 size: 4 bs: 2.04806e-07
175 3806 4295 4649 
#module 20 size: 4 bs: 7.17934e-06
459 506 4041 4412 
#module 21 size: 3 bs: 0.000525213
96 1631 3863 
#module 22 size: 5 bs: 1.06718e-10
53 2191 2566 4821 5766 
#module 23 size: 8 bs: 5.54901e-12
826 895 977 1618 3499 3769 5343 5368 
#module 24 size: 10 bs: 4.25943e-05
1243 1273 1481 1930 1963 2066 3230 4956 5376 5449 
#module 25 size: 6 bs: 2.77556e-14
142 1978 2991 4330 5208 5488 
#module 26 size: 6 bs: 4.0616e-09
13 2377 3298 3414 4654 4719 
#module 27 size: 4 bs: 6.9722e-14
16 1702 2235 4503 
#module 28 size: 5 bs: 4.16881e-07
44 472 1222 1484 2078 
#module 29 size: 9 bs: 0.00571155
1222 1496 2171 2732 3600 4345 4531 5237 5539 
#module 30 size: 5 bs: 2.22045e-16
49 2622 3730 3734 4995 
#module 31 size: 7 bs: 1.95444e-07
64 1286 1988 3734 4124 4460 4870 
#module 32 size: 5 bs: 8.14751e-09
54 300 572 1121 4071 
#module 33 size: 7 bs: 0.00237781
204 2193 2220 2258 4653 5082 5468 
#module 34 size: 6 bs: 1.02884e-12
77 2609 3034 3260 4824 5026 
#module 35 size: 5 bs: 6.9722e-14
78 356 858 3338 3442 
#module 36 size: 7 bs: 7.48583e-09
91 238 679 1111 1380 2171 5732 
#module 37 size: 5 bs: 3.47388e-11
1380 1770 2266 3093 5020 
#module 38 size: 4 bs: 2.24809e-08
100 262 2894 5168 
#module 39 size: 7 bs: 2.04806e-07
104 277 888 1132 1630 2144 2898 
#module 40 size: 8 bs: 4.36252e-11
2144 2268 2636 2796 2812 2840 4284 4880 
#module 41 size: 6 bs: 9.97757e-13
2260 2823 2898 2919 3222 3358 
#module 42 size: 4 bs: 3.23442e-11
136 1140 3262 4983 
#module 43 size: 5 bs: 2.04805e-07
145 643 2028 4300 5065 
#module 44 size: 12 bs: 1.46506e-07
556 812 843 1615 1687 2058 2337 2788 3461 3648 4668 5065 
#module 45 size: 4 bs: 5.31727e-101
151 3780 3860 3878 
#module 46 size: 5 bs: 2.04805e-07
163 894 1690 1914 4588 
#module 47 size: 6 bs: 1.81684e-06
170 425 1186 2958 3438 3773 
#module 48 size: 4 bs: 0.00163307
184 340 3005 5321 
#module 49 size: 7 bs: 0.00574578
616 1431 1488 2218 3495 5208 5290 
#module 50 size: 7 bs: 4.49478e-10
555 866 1970 2643 3474 4082 4724 
#module 51 size: 10 bs: 2.04848e-08
200 281 1336 1435 2321 3053 3188 4549 4814 5740 
#module 52 size: 6 bs: 5.1184e-101
204 1744 2240 3167 3825 3901 
#module 53 size: 5 bs: 6.02581e-10
767 1797 3027 4496 5136 
#module 54 size: 5 bs: 2.61759e-07
205 694 2436 3101 5623 
#module 55 size: 5 bs: 1.06718e-10
207 1290 1576 2606 3153 
#module 56 size: 7 bs: 7.39821e-06
569 1290 1337 1672 2762 2807 4610 
#module 57 size: 9 bs: 7.63681e-11
209 617 1338 1563 2826 3474 3648 4961 5196 
#module 58 size: 6 bs: 2.98381e-09
211 593 602 810 1734 5460 
#module 59 size: 5 bs: 8.80973e-12
211 640 2511 2833 5498 
#module 60 size: 5 bs: 7.16816e-06
218 871 1067 1152 5143 
#module 61 size: 5 bs: 3.73014e-06
230 820 2542 3374 3834 
#module 62 size: 6 bs: 1.06718e-10
237 531 597 1739 2998 3147 
#module 63 size: 6 bs: 2.21763e-09
1772 3181 3219 3243 4707 5125 
#module 64 size: 4 bs: 2.69401e-07
260 597 1602 4025 
#module 65 size: 8 bs: 1.05739e-10
267 1000 1269 1303 2793 3548 4529 4764 
#module 66 size: 9 bs: 2.06921e-10
267 690 1216 1284 1722 1910 3193 5092 5140 
#module 67 size: 7 bs: 7.57786e-06
275 1298 1643 1649 3638 4748 5303 
#module 68 size: 6 bs: 1.27321e-10
286 1704 1878 2564 3696 4268 
#module 69 size: 7 bs: 8.12954e-09
504 702 761 1704 2505 4367 5109 
#module 70 size: 4 bs: 2.54241e-14
308 900 2904 3705 
#module 71 size: 5 bs: 2.04806e-07
312 937 1365 3483 3975 
#module 72 size: 4 bs: 2.24809e-08
338 2107 2688 3509 
#module 73 size: 6 bs: 2.04805e-07
362 1886 2093 3371 3397 4646 
#module 74 size: 5 bs: 6.9722e-14
382 1900 2534 3048 5551 
#module 75 size: 7 bs: 1.06718e-10
729 1261 2521 2540 2855 3036 3661 
#module 76 size: 5 bs: 1.52622e-10
393 461 1730 2000 4139 
#module 77 size: 5 bs: 1.06718e-10
404 962 2239 2926 4521 
#module 78 size: 7 bs: 2.40291e-08
415 492 935 1196 2244 3151 5559 
#module 79 size: 6 bs: 3.74174e-08
472 1450 2268 2713 3717 5748 
#module 80 size: 6 bs: 1.0147e-05
1278 2090 2891 2994 4307 5724 
#module 81 size: 6 bs: 1.13361e-08
473 712 1072 2792 3927 4967 
#module 82 size: 4 bs: 6.9722e-14
474 1363 2648 5713 
#module 83 size: 7 bs: 2.04805e-07
484 620 1989 2261 3047 3469 4900 
#module 84 size: 7 bs: 7.82179e-101
508 921 1053 3092 4623 4949 5376 
#module 85 size: 6 bs: 1.44329e-15
548 1933 2218 2402 3064 5328 
#module 86 size: 6 bs: 7.03448e-08
581 1041 1258 2129 3679 5673 
#module 87 size: 8 bs: 8.80973e-12
940 953 2033 3380 3757 4094 4845 5401 
#module 88 size: 7 bs: 3.70393e-06
670 1020 1920 3206 3596 3966 4096 
#module 89 size: 7 bs: 1.07692e-13
624 2033 2826 3596 3610 5070 5447 
#module 90 size: 9 bs: 0.0364118
653 841 1004 1447 2914 3416 3641 3828 4108 
#module 91 size: 5 bs: 8.59456e-101
1294 1397 1499 3122 5215 
#module 92 size: 7 bs: 0.000285063
661 1717 2331 3499 3587 4806 5128 
#module 93 size: 6 bs: 7.47027e-09
1006 2120 2450 3091 4806 5118 
#module 94 size: 5 bs: 3.23442e-11
847 1119 1234 1755 4357 
#module 95 size: 5 bs: 4.0616e-09
666 1582 2066 2497 2805 
#module 96 size: 7 bs: 5.35123e-06
670 681 841 1841 2053 2671 2687 
#module 97 size: 5 bs: 9.46025e-06
682 1636 2131 3283 3616 
#module 98 size: 5 bs: 1.06427e-08
692 847 3747 5416 5507 
#module 99 size: 6 bs: 1.06718e-10
718 2117 2281 3245 4249 4961 
#module 100 size: 5 bs: 7.48583e-09
785 1452 2117 2903 5286 
#module 101 size: 6 bs: 7.03448e-08
2281 2920 3392 3734 5232 5451 
#module 102 size: 5 bs: 0.000411804
728 2051 3243 5133 5474 
#module 103 size: 7 bs: 0.000161393
1254 1261 2041 4239 4394 5031 5512 
#module 104 size: 5 bs: 9.11945e-07
737 1550 2630 3590 3688 
#module 105 size: 5 bs: 5.09592e-14
743 961 4405 4963 5216 
#module 106 size: 5 bs: 7.48584e-09
748 937 1353 1988 2736 
#module 107 size: 6 bs: 2.34711e-11
749 2897 3288 4691 4707 5531 
#module 108 size: 4 bs: 4.70772e-06
815 2280 3608 4355 
#module 109 size: 4 bs: 2.64669e-08
825 3617 5130 5383 
#module 110 size: 6 bs: 2.08109e-07
831 2334 3037 3185 3286 3795 
#module 111 size: 6 bs: 2.04805e-07
870 1433 1485 1802 2415 4525 
#module 112 size: 5 bs: 6.9722e-14
876 3000 3001 4896 5138 
#module 113 size: 5 bs: 0.000924377
884 2799 2901 4481 4482 
#module 114 size: 4 bs: 1.60244e-09
939 2380 4253 5613 
#module 115 size: 5 bs: 7.48583e-09
940 1246 1531 4277 5015 
#module 116 size: 5 bs: 1.16194e-05
968 1683 2012 3783 4515 
#module 117 size: 4 bs: 4.70811e-07
1008 2631 4681 5456 
#module 118 size: 5 bs: 7.16816e-06
1023 3176 3226 4550 4912 
#module 119 size: 4 bs: 0.000280276
1033 1701 2295 4222 
#module 120 size: 5 bs: 1.06718e-10
1045 1535 1709 3189 4302 
#module 121 size: 5 bs: 2.04805e-07
1059 1243 1316 3094 3119 
#module 122 size: 4 bs: 1.06718e-10
1099 3568 3728 4493 
#module 123 size: 5 bs: 2.04805e-07
1217 1881 2274 2553 5008 
#module 124 size: 4 bs: 1.06718e-10
1233 2176 2854 4664 
#module 125 size: 7 bs: 7.66617e-08
1266 1507 1691 2424 3389 4003 5139 
#module 126 size: 4 bs: 2.04805e-07
1293 2215 4271 5524 
#module 127 size: 5 bs: 1.06718e-10
1326 1767 3643 4163 4432 
#module 128 size: 5 bs: 2.04805e-07
1452 2733 3190 5485 5702 
#module 129 size: 7 bs: 5.65469e-101
1559 2109 2911 2948 3839 4211 5754 
#module 130 size: 6 bs: 2.04805e-07
1666 2142 2578 2580 4541 4794 
#module 131 size: 7 bs: 1.06718e-10
1758 2428 3510 4527 4532 4574 5743 
#module 132 size: 10 bs: 0.000590065
1828 2494 2520 2886 3581 3755 3985 4093 5421 5679 
#module 133 size: 5 bs: 1.54967e-101
1857 1995 2582 2720 3850 
#module 134 size: 6 bs: 6.9722e-14
2899 3850 4459 4544 4633 5737 
#module 135 size: 5 bs: 5.13331e-101
1892 2056 2159 4360 4629 
#module 136 size: 5 bs: 9.2318e-101
1997 2668 3242 3317 5347 
#module 137 size: 4 bs: 8.80973e-12
2149 2910 3684 3754 
#module 138 size: 5 bs: 1.06718e-10
2390 2493 3418 4084 4441 
#module 139 size: 5 bs: 2.55713e-07
2955 4436 4861 5204 5493 
#module 140 size: 4 bs: 2.04805e-07
3067 4023 4328 5059 
#module 141 size: 5 bs: 1.60077e-09
3130 3569 3690 5285 5657 
#module 142 size: 4 bs: 1.06718e-10
3432 3872 4823 5160 
#module 143 size: 6 bs: 1.06718e-10
3627 4081 4750 4803 4981 5049 
#module 144 size: 5 bs: 0.0552601
3 771 895 2051 2066 
#module 145 size: 8 bs: 5.90187e-09
472 714 2976 3227 4272 4874 5069 5312 
#module 146 size: 5 bs: 0.0022184
472 562 2090 2385 4510 
#module 147 size: 5 bs: 0.000590065
73 204 1572 5272 5485 
#module 148 size: 5 bs: 0.000136435
541 1246 2341 3563 5485 
#module 149 size: 6 bs: 3.51592e-08
168 571 2657 2924 3430 4901 
#module 150 size: 6 bs: 1.62041e-06
571 1695 1841 2602 3708 5034 
#module 151 size: 8 bs: 1.9984e-15
174 252 2908 4730 4964 4965 5288 5666 
#module 152 size: 5 bs: 7.47028e-09
215 1215 1279 1548 4679 
#module 153 size: 5 bs: 0.000181151
1548 2090 2983 3243 4172 
#module 154 size: 5 bs: 2.61263e-05
222 2858 3835 4713 5133 
#module 155 size: 5 bs: 5.28212e-05
562 616 720 4720 5133 
#module 156 size: 5 bs: 5.30458e-08
587 1350 2036 2858 4059 
#module 157 size: 8 bs: 5.97855e-13
530 864 2264 3055 3465 4571 5516 5719 
#module 158 size: 8 bs: 1.35228e-11
588 863 3055 3465 4252 4273 4849 4868 
#module 159 size: 5 bs: 1.36297e-05
1793 2126 2268 5304 5641 
#module 160 size: 5 bs: 3.5242e-05
1297 1307 2126 5225 5716 
#module 161 size: 7 bs: 9.61549e-06
3246 3610 3777 4152 4462 4721 4736 
#module 162 size: 6 bs: 0.000221905
705 2629 3610 3777 4092 4123 
#module 163 size: 7 bs: 6.74848e-08
783 2068 2153 3777 3961 5077 5464 
#module 164 size: 8 bs: 1.14941e-101
781 1262 1477 2231 3255 4132 4485 5635 
#module 165 size: 4 bs: 2.46435e-05
2767 4175 4485 5443 
#module 166 size: 9 bs: 2.48624e-06
216 226 407 2020 2664 3032 4727 5195 5431 
#module 167 size: 13 bs: 7.63213e-09
20 141 182 916 941 2004 2458 4024 4265 4377 4822 4939 5227 
#module 168 size: 6 bs: 0.00941949
48 196 1334 1414 1432 1996 
#module 169 size: 32 bs: 1.0832e-05
42 146 672 926 930 1115 1357 1633 1761 1798 2051 2094 2205 2882 3033 3344 3472 3507 3604 3611 3621 3852 4186 4190 4455 4470 4548 4792 4961 5025 5557 5560 
#module 170 size: 10 bs: 0.0188063
88 213 744 1493 1716 2242 2745 3558 3862 4011 
#module 171 size: 7 bs: 9.69365e-101
266 2155 3100 4237 5162 5212 5248 
#module 172 size: 9 bs: 0.0470451
276 913 1054 1081 1500 1970 2167 3346 3970 
#module 173 size: 9 bs: 0.000526114
413 687 2141 2420 2628 3107 3275 3804 5217 
#module 174 size: 6 bs: 6.9722e-14
445 923 1155 1448 1463 5071 
#module 175 size: 12 bs: 0.00526083
110 580 914 1520 3445 3484 3553 3637 4037 4781 5006 5223 
#module 176 size: 12 bs: 0.00057002
664 833 1114 1304 2063 2077 3621 3748 3861 3970 3986 4955 
#module 177 size: 9 bs: 0.00315891
742 1251 2707 2922 3228 4012 5434 5523 5569 
#module 178 size: 7 bs: 0.000526178
905 1022 1236 3316 3583 4414 5467 
#module 179 size: 7 bs: 0.000526178
2180 3244 3843 4756 5100 5316 5479 
#module 180 size: 3 bs: 0.000525213
79 2659 2794 
#module 181 size: 3 bs: 0.000525214
106 264 2712 
#module 182 size: 3 bs: 0.000525214
359 1159 1427 
#module 183 size: 3 bs: 0.000525214
361 1085 3212 
#module 184 size: 3 bs: 0.000525214
606 1465 2103 
#module 185 size: 3 bs: 0.000525214
622 3910 3969 
#module 186 size: 3 bs: 0.000525214
631 5385 5678 
#module 187 size: 3 bs: 0.000525213
656 3459 4242 
#module 188 size: 3 bs: 0.00785611
2623 5422 5656 
#module 189 size: 3 bs: 0.000525214
688 2393 4151 
#module 190 size: 3 bs: 0.000525213
738 1861 2893 
#module 191 size: 3 bs: 0.000525213
750 1075 2457 
#module 192 size: 3 bs: 0.000525213
766 1854 2166 
#module 193 size: 3 bs: 0.000525214
775 1670 3725 
#module 194 size: 5 bs: 0.00052515
860 893 986 2289 4495 
#module 195 size: 3 bs: 0.000525214
877 1302 4089 
#module 196 size: 3 bs: 0.000525214
891 3609 5528 
#module 197 size: 3 bs: 0.000525214
907 2984 4207 
#module 198 size: 3 bs: 0.000525214
920 2137 4657 
#module 199 size: 3 bs: 0.000525214
985 1177 4923 
#module 200 size: 3 bs: 0.000525214
995 2179 3739 
#module 201 size: 3 bs: 0.000525213
999 2237 4177 
#module 202 size: 3 bs: 0.000525214
1015 1686 2699 
#module 203 size: 3 bs: 0.000525214
1035 4590 5003 
#module 204 size: 3 bs: 0.000525214
1055 1058 4984 
#module 205 size: 3 bs: 0.000525214
1136 1747 2820 
#module 206 size: 3 bs: 0.000525214
1184 1494 4540 
#module 207 size: 3 bs: 0.000525213
1207 4235 4490 
#module 208 size: 3 bs: 0.000525214
1208 3813 5339 
#module 209 size: 3 bs: 0.000525214
1270 2447 3799 
#module 210 size: 3 bs: 0.000525214
1356 1776 4723 
#module 211 size: 3 bs: 0.000525214
1443 1791 5432 
#module 212 size: 3 bs: 0.000525214
1487 5348 5744 
#module 213 size: 3 bs: 0.000525214
1589 2197 4690 
#module 214 size: 3 bs: 0.000525213
1625 2414 5144 
#module 215 size: 3 bs: 0.000525214
1682 1897 2504 
#module 216 size: 3 bs: 0.000525214
1706 1955 5691 
#module 217 size: 3 bs: 0.000525214
1887 3220 4409 
#module 218 size: 3 bs: 0.000525213
2217 4595 5367 
#module 219 size: 5 bs: 0.00052515
2232 2326 3388 5157 5198 
#module 220 size: 3 bs: 0.000525214
2275 2401 3718 
#module 221 size: 3 bs: 0.000525214
2430 4937 5243 
#module 222 size: 3 bs: 0.000525214
2444 2957 3072 
#module 223 size: 3 bs: 0.000525214
2571 4217 4848 
#module 224 size: 3 bs: 0.000525213
2754 5219 5647 
#module 225 size: 3 bs: 0.000525213
3269 4458 5420 
#module 226 size: 3 bs: 0.000525213
3352 3434 5606 
#module 227 size: 3 bs: 0.000525214
3597 4191 4198 
#module 228 size: 3 bs: 0.000525214
3625 4834 4945 
#module 229 size: 3 bs: 0.000525214
3990 4294 4618 
#module 230 size: 3 bs: 0.000525214
4067 4396 5011 
#module 231 size: 3 bs: 0.000525214
4318 5185 5400 
#module 232 size: 7 bs: 1.64357e-05
41 396 797 1252 3198 3827 4072 
#module 233 size: 7 bs: 0.0462473
1120 1569 1812 2199 3449 4772 4891 
#module 234 size: 8 bs: 0.00314845
789 886 1532 2615 2759 3182 3496 4283 
#module 235 size: 5 bs: 3.5217e-08
1713 3095 3952 4065 4947 
#module 236 size: 3 bs: 0.0461645
635 1118 3857 
#module 237 size: 13 bs: 0.00414244
430 632 865 984 1094 1479 1786 2066 2270 2358 4281 4337 5616 
#module 238 size: 4 bs: 4.0961e-06
83 377 1707 3494 
#module 239 size: 7 bs: 9.65137e-07
642 1452 1515 2658 3409 3648 5558 
#module 240 size: 11 bs: 0.00162582
217 963 2462 2653 3238 3373 3777 4113 5064 5211 5605 
#module 241 size: 10 bs: 0.000319823
569 1011 1538 1605 1612 2395 2747 4204 4870 5542 
#module 242 size: 19 bs: 0.000171128
66 707 943 1047 1104 1725 1846 2168 2744 2958 2959 3236 3982 5263 5359 5577 5578 5597 5747 
#module 243 size: 8 bs: 1.15426e-05
946 1219 1278 1807 1980 2683 5233 5529 
#module 244 size: 11 bs: 0.095549
624 665 1257 1348 1755 2374 2858 3658 4735 4833 5650 
#module 0 size: 6 bs: 1.70425e-08
10 156 758 1080 2637 3213 
#module 1 size: 6 bs: 6.9722e-14
13 2377 3298 3414 4654 4719 
#module 2 size: 10 bs: 8.58564e-101
19 69 612 931 2157 2435 2721 3155 5121 5122 
#module 3 size: 5 bs: 6.6629e-06
21 583 2293 3911 4230 
#module 4 size: 7 bs: 8.03148e-08
42 146 1633 2051 3621 4455 4548 
#module 5 size: 4 bs: 0.00489996
44 1222 1484 2078 
#module 6 size: 5 bs: 1.95444e-07
49 2622 3730 3734 4995 
#module 7 size: 5 bs: 1.06718e-10
53 2191 2566 4821 5766 
#module 8 size: 5 bs: 1.06718e-10
54 300 572 1121 4071 
#module 9 size: 7 bs: 8.14751e-09
64 1286 1988 3734 4124 4460 4870 
#module 10 size: 6 bs: 6.9722e-14
77 2609 3034 3260 4824 5026 
#module 11 size: 5 bs: 1.06718e-10
78 356 858 3338 3442 
#module 12 size: 3 bs: 0.000525214
79 2659 2794 
#module 13 size: 7 bs: 6.14966e-101
90 2723 2852 3458 3639 3752 5238 
#module 14 size: 7 bs: 3.46302e-11
91 238 679 1111 1380 2171 5732 
#module 15 size: 3 bs: 0.000525214
96 1631 3863 
#module 16 size: 4 bs: 2.04805e-07
100 262 2894 5168 
#module 17 size: 6 bs: 8.12425e-09
104 277 888 1132 1630 2898 
#module 18 size: 3 bs: 0.000525214
106 264 2712 
#module 19 size: 7 bs: 1.15463e-14
109 2032 2070 2498 2568 4388 4597 
#module 20 size: 4 bs: 2.04806e-07
136 1140 3262 4983 
#module 21 size: 6 bs: 5.54835e-11
141 182 916 2004 4265 5227 
#module 22 size: 6 bs: 4.06689e-09
142 1978 2991 4330 5208 5488 
#module 23 size: 5 bs: 1.46506e-07
145 643 2028 4300 5065 
#module 24 size: 4 bs: 2.04805e-07
151 3780 3860 3878 
#module 25 size: 5 bs: 1.06718e-10
163 894 1690 1914 4588 
#module 26 size: 7 bs: 1.65867e-13
168 571 2657 2924 3430 4901 5695 
#module 27 size: 7 bs: 1.15463e-14
170 425 1186 1525 2958 3438 3773 
#module 28 size: 8 bs: 1.9984e-15
174 252 2908 4730 4964 4965 5288 5666 
#module 29 size: 4 bs: 2.04805e-07
175 3806 4295 4649 
#module 30 size: 4 bs: 2.04805e-07
184 340 3005 5321 
#module 31 size: 10 bs: 8.77668e-101
200 281 1336 1435 2321 3053 3188 4549 4814 5740 
#module 32 size: 7 bs: 1.02884e-12
204 2193 2220 2258 4653 5082 5468 
#module 33 size: 6 bs: 6.02582e-10
204 1744 2240 3167 3825 3901 
#module 34 size: 5 bs: 1.06718e-10
205 694 2436 3101 5623 
#module 35 size: 4 bs: 0.00049131
207 1290 1576 3153 
#module 36 size: 9 bs: 3.50131e-09
209 617 1338 1563 2826 3474 3648 4961 5196 
#module 37 size: 6 bs: 8.80973e-12
211 593 602 810 1734 5460 
#module 38 size: 5 bs: 7.47028e-09
215 1215 1279 1548 4679 
#module 39 size: 5 bs: 1.02202e-05
216 407 3032 5195 5431 
#module 40 size: 5 bs: 1.06718e-10
218 871 1067 1152 5143 
#module 41 size: 10 bs: 0.0113409
219 2033 2182 3054 3503 4194 4404 4725 5070 5447 
#module 42 size: 13 bs: 0.00194304
224 838 855 1241 1931 2073 2097 2158 3550 3800 4020 4021 4708 
#module 43 size: 5 bs: 2.24809e-08
226 2020 2664 4727 5195 
#module 44 size: 5 bs: 1.06718e-10
230 820 2542 3374 3834 
#module 45 size: 7 bs: 4.27447e-12
234 2348 2646 2676 3482 4694 4820 
#module 46 size: 7 bs: 4.27447e-12
237 531 597 1739 2998 3147 3408 
#module 47 size: 4 bs: 0.00959615
253 1021 1473 3219 
#module 48 size: 5 bs: 5.30459e-08
258 3426 3589 4946 5027 
#module 49 size: 4 bs: 1.72438e-05
260 597 1602 4025 
#module 50 size: 6 bs: 2.26564e-08
265 468 559 1801 1982 3865 
#module 51 size: 7 bs: 4.7398e-101
266 2155 3100 4237 5162 5212 5248 
#module 52 size: 9 bs: 7.57786e-06
267 690 1216 1284 1722 1910 3193 5092 5140 
#module 53 size: 7 bs: 4.52978e-101
275 1298 1643 1649 3638 4748 5303 
#module 54 size: 6 bs: 8.12953e-09
286 1704 1878 2564 3696 4268 
#module 55 size: 4 bs: 2.04805e-07
308 900 2904 3705 
#module 56 size: 5 bs: 2.24809e-08
312 937 1365 3483 3975 
#module 57 size: 7 bs: 0.0776989
313 409 1640 2814 4285 5342 5436 
#module 58 size: 4 bs: 2.04805e-07
338 2107 2688 3509 
#module 59 size: 8 bs: 1.11022e-16
358 577 623 684 832 1473 4892 5671 
#module 60 size: 3 bs: 0.000525214
359 1159 1427 
#module 61 size: 3 bs: 0.000525214
361 1085 3212 
#module 62 size: 6 bs: 6.9722e-14
362 1886 2093 3371 3397 4646 
#module 63 size: 5 bs: 1.06718e-10
382 1900 2534 3048 5551 
#module 64 size: 5 bs: 1.06718e-10
393 461 1730 2000 4139 
#module 65 size: 5 bs: 1.06718e-10
404 962 2239 2926 4521 
#module 66 size: 7 bs: 9.38137e-101
415 492 935 1196 2244 3151 5559 
#module 67 size: 5 bs: 9.41743e-07
430 632 1786 4337 5616 
#module 68 size: 6 bs: 6.9722e-14
445 923 1155 1448 1463 5071 
#module 69 size: 4 bs: 7.17934e-06
459 506 4041 4412 
#module 70 size: 5 bs: 9.42233e-07
468 2238 4326 5192 5712 
#module 71 size: 10 bs: 2.55351e-15
472 714 2545 2976 3227 4272 4408 4874 5069 5312 
#module 72 size: 5 bs: 1.35731e-05
1450 2268 2713 3717 5748 
#module 73 size: 6 bs: 6.9722e-14
473 712 1072 2792 3927 4967 
#module 74 size: 4 bs: 2.04805e-07
474 1363 2648 5713 
#module 75 size: 7 bs: 8.41577e-101
484 620 1989 2261 3047 3469 4900 
#module 76 size: 7 bs: 2.54241e-14
504 702 761 1704 2505 4367 5109 
#module 77 size: 7 bs: 2.76779e-13
508 921 1053 3092 4623 4949 5376 
#module 78 size: 5 bs: 1.06718e-10
546 1263 1966 1990 3403 
#module 79 size: 6 bs: 3.23442e-11
548 1933 2218 2402 3064 5328 
#module 80 size: 7 bs: 1.90225e-09
555 866 1970 2643 3095 4082 4724 
#module 81 size: 12 bs: 1.65325e-101
556 812 843 1615 1687 2058 2337 2788 3461 3648 4668 5065 
#module 82 size: 4 bs: 0.00283218
569 2395 2747 5542 
#module 83 size: 7 bs: 5.79217e-11
569 1290 1337 1672 2762 2807 4610 
#module 84 size: 7 bs: 4.05902e-10
570 573 1962 3408 3488 4154 5073 
#module 85 size: 6 bs: 1.46638e-12
580 914 3445 3553 4781 5223 
#module 86 size: 6 bs: 8.80973e-12
581 1041 1258 2129 3679 5673 
#module 87 size: 5 bs: 5.30458e-08
587 1350 2036 2858 4059 
#module 88 size: 3 bs: 0.000525214
606 1465 2103 
#module 89 size: 7 bs: 4.49478e-10
616 1431 1488 2218 3495 5208 5290 
#module 90 size: 3 bs: 0.000525214
622 3910 3969 
#module 91 size: 3 bs: 0.000525214
631 5385 5678 
#module 92 size: 5 bs: 1.34815e-08
632 1667 3504 3686 5259 
#module 93 size: 5 bs: 2.24108e-08
638 2032 4652 5075 5660 
#module 94 size: 7 bs: 0.00403058
639 2242 2606 3350 3592 4391 4407 
#module 95 size: 9 bs: 5.71064e-101
653 841 1004 1447 2914 3416 3641 3828 4108 
#module 96 size: 8 bs: 8.93455e-11
655 783 2068 2153 3777 3961 5077 5464 
#module 97 size: 3 bs: 0.000525214
656 3459 4242 
#module 98 size: 6 bs: 4.15078e-08
661 1717 2331 3587 4806 5128 
#module 99 size: 6 bs: 4.06689e-09
664 1114 2063 3861 3970 3986 
#module 100 size: 5 bs: 9.46026e-06
666 1582 2066 2497 2805 
#module 101 size: 5 bs: 2.61263e-05
670 681 2053 2671 2687 
#module 102 size: 7 bs: 2.54427e-10
670 1020 1920 3206 3596 3966 4096 
#module 103 size: 5 bs: 4.16882e-07
672 1798 3604 3621 4470 
#module 104 size: 5 bs: 1.06718e-10
682 1636 2131 3283 3616 
#module 105 size: 3 bs: 0.000525214
688 2393 4151 
#module 106 size: 5 bs: 7.48583e-09
692 847 3747 5416 5507 
#module 107 size: 5 bs: 2.8879e-05
705 2629 3610 4092 4123 
#module 108 size: 4 bs: 0.00252134
707 2958 2959 3982 
#module 109 size: 7 bs: 2.75058e-05
718 2117 2281 3245 3950 4249 4961 
#module 110 size: 3 bs: 0.000525214
738 1861 2893 
#module 111 size: 5 bs: 1.06718e-10
743 961 4405 4963 5216 
#module 112 size: 5 bs: 4.70771e-06
748 937 1353 1988 2736 
#module 113 size: 7 bs: 2.13285e-12
749 925 2897 3288 4691 4707 5531 
#module 114 size: 3 bs: 0.000525213
750 1075 2457 
#module 115 size: 3 bs: 0.000525214
766 1854 2166 
#module 116 size: 3 bs: 0.000525214
775 1670 3725 
#module 117 size: 8 bs: 4.3056e-101
781 1262 1477 2231 3255 4132 4485 5635 
#module 118 size: 4 bs: 0.000299215
785 2117 2903 5286 
#module 119 size: 4 bs: 2.04805e-07
815 2280 3608 4355 
#module 120 size: 4 bs: 2.04805e-07
825 3617 5130 5383 
#module 121 size: 9 bs: 2.10942e-15
826 895 977 1618 3499 3614 3769 5343 5368 
#module 122 size: 6 bs: 6.9722e-14
831 2334 3037 3185 3286 3795 
#module 123 size: 5 bs: 6.66289e-06
847 1119 1234 1755 4357 
#module 124 size: 7 bs: 5.09592e-14
870 1433 1485 1802 2415 4525 4694 
#module 125 size: 5 bs: 1.06718e-10
876 3000 3001 4896 5138 
#module 126 size: 3 bs: 0.000525213
877 1302 4089 
#module 127 size: 5 bs: 1.06718e-10
884 2799 2901 4481 4482 
#module 128 size: 5 bs: 1.34815e-08
885 4097 4230 4480 5652 
#module 129 size: 3 bs: 0.000525214
891 3609 5528 
#module 130 size: 3 bs: 0.000525213
907 2984 4207 
#module 131 size: 3 bs: 0.000525214
920 2137 4657 
#module 132 size: 5 bs: 7.48584e-09
939 2200 2380 4253 5613 
#module 133 size: 8 bs: 1.07692e-13
940 953 2033 3380 3757 4094 4845 5401 
#module 134 size: 8 bs: 0.000115962
943 1047 1846 2744 5577 5578 5597 5747 
#module 135 size: 4 bs: 0.00252134
947 1337 2709 5092 
#module 136 size: 3 bs: 0.0639638
951 1304 5735 
#module 137 size: 3 bs: 0.0145975
958 4233 4548 
#module 138 size: 5 bs: 1.06718e-10
968 1683 2012 3783 4515 
#module 139 size: 3 bs: 0.000525214
985 1177 4923 
#module 140 size: 3 bs: 0.000525214
995 2179 3739 
#module 141 size: 3 bs: 0.000525214
999 2237 4177 
#module 142 size: 6 bs: 3.23443e-11
1006 2120 2450 3091 4806 5118 
#module 143 size: 4 bs: 2.04805e-07
1008 2631 4681 5456 
#module 144 size: 6 bs: 0.000746369
1011 1538 1605 1612 4204 4870 
#module 145 size: 3 bs: 0.000525214
1015 1686 2699 
#module 146 size: 5 bs: 1.06718e-10
1023 3176 3226 4550 4912 
#module 147 size: 4 bs: 2.04805e-07
1033 1701 2295 4222 
#module 148 size: 3 bs: 0.000525214
1035 4590 5003 
#module 149 size: 5 bs: 1.06718e-10
1045 1535 1709 3189 4302 
#module 150 size: 3 bs: 0.000525214
1055 1058 4984 
#module 151 size: 5 bs: 7.63036e-08
1059 1243 1316 3094 3119 
#module 152 size: 4 bs: 2.04805e-07
1099 3568 3728 4493 
#module 153 size: 3 bs: 0.000525214
1136 1747 2820 
#module 154 size: 3 bs: 0.000525213
1184 1494 4540 
#module 155 size: 3 bs: 0.000525214
1207 4235 4490 
#module 156 size: 3 bs: 0.000525214
1208 3813 5339 
#module 157 size: 5 bs: 1.06718e-10
1217 1881 2274 2553 5008 
#module 158 size: 9 bs: 2.22045e-16
1222 1496 2171 2732 3600 4345 4531 5237 5539 
#module 159 size: 4 bs: 2.04805e-07
1233 2176 2854 4664 
#module 160 size: 3 bs: 0.0233514
1241 1953 2403 
#module 161 size: 10 bs: 6.55032e-15
1243 1273 1481 1930 1963 2066 3230 4956 5376 5449 
#module 162 size: 7 bs: 5.09592e-14
1254 1261 2041 4239 4394 5031 5512 
#module 163 size: 3 bs: 0.00785612
1257 2374 5650 
#module 164 size: 7 bs: 8.76505e-101
1266 1507 1691 2424 3389 4003 5139 
#module 165 size: 3 bs: 0.000525214
1270 2447 3799 
#module 166 size: 6 bs: 1.13361e-08
1278 2090 2891 2994 4307 5724 
#module 167 size: 4 bs: 2.04805e-07
1293 2215 4271 5524 
#module 168 size: 6 bs: 0.0468026
1297 1307 2126 2870 5258 5716 
#module 169 size: 5 bs: 1.06718e-10
1326 1767 3643 4163 4432 
#module 170 size: 3 bs: 0.000525214
1356 1776 4723 
#module 171 size: 6 bs: 2.34789e-06
1357 1761 2205 4792 5557 5560 
#module 172 size: 4 bs: 0.0165635
1372 1785 4730 5069 
#module 173 size: 5 bs: 2.24809e-08
1380 1770 2266 3093 5020 
#module 174 size: 3 bs: 0.000525213
1443 1791 5432 
#module 175 size: 4 bs: 0.00228795
2733 3190 5485 5702 
#module 176 size: 3 bs: 0.000525214
1487 5348 5744 
#module 177 size: 5 bs: 0.000181151
1548 2090 2983 3243 4172 
#module 178 size: 7 bs: 3.15288e-101
1559 2109 2911 2948 3839 4211 5754 
#module 179 size: 3 bs: 0.000525213
1589 2197 4690 
#module 180 size: 3 bs: 0.000525214
1625 2414 5144 
#module 181 size: 6 bs: 6.9722e-14
1666 2142 2578 2580 4541 4794 
#module 182 size: 4 bs: 0.000299215
1681 1757 2270 4183 
#module 183 size: 3 bs: 0.000525214
1682 1897 2504 
#module 184 size: 3 bs: 0.000525213
1706 1955 5691 
#module 185 size: 5 bs: 3.53455e-08
1713 3095 3952 4065 4947 
#module 186 size: 7 bs: 5.4448e-101
1758 2428 3510 4527 4532 4574 5743 
#module 187 size: 6 bs: 2.69401e-07
1772 3181 3219 3243 4707 5125 
#module 188 size: 5 bs: 1.35731e-05
1793 2126 2268 5304 5641 
#module 189 size: 5 bs: 1.34815e-08
1801 4865 5417 5466 5627 
#module 190 size: 10 bs: 6.50465e-102
1828 2494 2520 2886 3581 3755 3985 4093 5421 5679 
#module 191 size: 5 bs: 1.34815e-08
1857 1995 2582 2720 3850 
#module 192 size: 3 bs: 0.000525214
1887 3220 4409 
#module 193 size: 5 bs: 1.06718e-10
1892 2056 2159 4360 4629 
#module 194 size: 5 bs: 1.06718e-10
1997 2668 3242 3317 5347 
#module 195 size: 5 bs: 7.39821e-06
2016 2460 3696 3775 4556 
#module 196 size: 8 bs: 9.95093e-13
2144 2268 2636 2796 2812 2840 4284 4880 
#module 197 size: 4 bs: 2.04805e-07
2149 2910 3684 3754 
#module 198 size: 3 bs: 0.000525214
2217 4595 5367 
#module 199 size: 6 bs: 3.23442e-11
2260 2823 2898 2919 3222 3358 
#module 200 size: 3 bs: 0.000525214
2275 2401 3718 
#module 201 size: 5 bs: 1.74285e-05
2281 2920 3392 5232 5451 
#module 202 size: 8 bs: 1.34534e-08
2305 3246 3610 3777 4152 4462 4721 4736 
#module 203 size: 5 bs: 1.06718e-10
2390 2493 3418 4084 4441 
#module 204 size: 3 bs: 0.000525213
2430 4937 5243 
#module 205 size: 3 bs: 0.000525213
2444 2957 3072 
#module 206 size: 3 bs: 0.000525214
2571 4217 4848 
#module 207 size: 5 bs: 1.95444e-07
2637 2876 2975 3703 4558 
#module 208 size: 4 bs: 0.00251742
2653 3373 4113 5605 
#module 209 size: 3 bs: 0.000525214
2754 5219 5647 
#module 210 size: 4 bs: 2.46435e-05
2767 4175 4485 5443 
#module 211 size: 6 bs: 8.80973e-12
2899 3850 4459 4544 4633 5737 
#module 212 size: 5 bs: 1.06718e-10
2955 4436 4861 5204 5493 
#module 213 size: 4 bs: 2.04805e-07
3067 4023 4328 5059 
#module 214 size: 5 bs: 1.06718e-10
3130 3569 3690 5285 5657 
#module 215 size: 3 bs: 0.000525213
3269 4458 5420 
#module 216 size: 3 bs: 0.000525213
3352 3434 5606 
#module 217 size: 4 bs: 2.04805e-07
3432 3872 4823 5160 
#module 218 size: 3 bs: 0.000525214
3597 4191 4198 
#module 219 size: 3 bs: 0.000525213
3625 4834 4945 
#module 220 size: 6 bs: 6.9722e-14
3627 4081 4750 4803 4981 5049 
#module 221 size: 3 bs: 0.000525214
3990 4294 4618 
#module 222 size: 3 bs: 0.000525214
4067 4396 5011 
#module 223 size: 3 bs: 0.000525213
4318 5185 5400 
#module 224 size: 5 bs: 0.00036853
63 381 852 2018 2097 
#module 225 size: 11 bs: 3.06e-101
267 852 1000 1269 1303 2097 2793 3548 4529 4764 5425 
#module 226 size: 8 bs: 5.97855e-13
530 864 2264 3055 3465 4571 5516 5719 
#module 227 size: 9 bs: 4.44089e-16
588 863 3055 3465 4035 4252 4273 4849 4868 
#module 228 size: 9 bs: 0.000526114
413 687 2141 2420 2628 3107 3275 3804 5217 
#module 229 size: 10 bs: 0.000525124
789 886 1532 2615 2691 2759 3182 3496 3673 4283 
#module 230 size: 5 bs: 0.00052515
860 893 986 2289 4495 
#module 231 size: 7 bs: 0.000526178
905 1022 1236 3316 3583 4414 5467 
#module 232 size: 7 bs: 0.000526178
2180 3244 3843 4756 5100 5316 5479 
#module 233 size: 5 bs: 0.00052515
2232 2326 3388 5157 5198 
#module 234 size: 7 bs: 4.60491e-05
66 1104 1725 2168 3236 5263 5359 
#module 235 size: 11 bs: 0.00329804
3 20 141 545 941 2458 4024 4041 4377 4822 4939 
#module 236 size: 12 bs: 0.0380344
11 81 191 434 542 1064 1488 2148 2301 2643 2890 5733 
#module 237 size: 4 bs: 7.17935e-06
16 1702 2235 4503 
#module 238 size: 5 bs: 9.42233e-07
211 640 2511 2833 5498 
#module 239 size: 7 bs: 1.64357e-05
41 396 797 1252 3198 3827 4072 
#module 240 size: 6 bs: 0.0094195
48 196 1334 1414 1432 1996 
#module 241 size: 4 bs: 4.0961e-06
83 377 1707 3494 
#module 242 size: 6 bs: 0.0640489
110 758 3484 3637 4037 5006 
#module 243 size: 10 bs: 0.0188063
88 213 744 1493 1716 2242 2745 3558 3862 4011 
#module 244 size: 7 bs: 0.000902133
217 963 2462 3238 4113 5064 5211 
#module 245 size: 8 bs: 0.0466455
222 728 2858 3243 3835 4713 5133 5474 
#module 246 size: 7 bs: 3.23075e-13
247 1438 1603 2192 3592 3928 4894 
#module 247 size: 3 bs: 0.0187336
2726 3291 4816 
#module 248 size: 9 bs: 0.0470451
276 913 1054 1081 1500 1970 2167 3346 3970 
#module 249 size: 10 bs: 0.000378703
391 729 1261 2521 2540 2855 3036 3661 4791 5324 
#module 250 size: 7 bs: 0.0692296
427 449 1715 2697 3305 3911 5134 
#module 251 size: 7 bs: 0.0322062
562 616 720 2090 2385 4510 4720 
#module 252 size: 9 bs: 0.00337743
571 821 1695 1841 2602 3572 3708 5034 5225 
#module 253 size: 8 bs: 0.000674509
624 665 1348 1755 3658 4735 4833 5650 
#module 254 size: 8 bs: 0.00207137
635 1118 1258 2151 3410 3857 4031 4218 
#module 255 size: 8 bs: 0.0468924
709 833 1114 1304 2077 2228 3748 4955 
#module 256 size: 8 bs: 1.64732e-05
737 1550 2630 2722 3590 3688 4354 5653 
#module 257 size: 9 bs: 0.00316056
742 1251 2707 2922 3228 4012 5434 5523 5569 
#module 258 size: 8 bs: 0.000236077
767 1797 2105 3027 4496 5136 5441 5716 
#module 259 size: 8 bs: 0.00819328
865 984 1094 1479 2270 2358 3777 4281 
#module 260 size: 17 bs: 0.00907461
926 930 1115 1357 2051 2094 2882 3033 3344 3472 3507 3611 3621 3852 4186 4190 5025 
#module 261 size: 8 bs: 0.000375792
931 1120 1569 1812 2199 3449 4772 4891 
#module 262 size: 7 bs: 1.64357e-05
946 1219 1807 1980 2683 5233 5529 
#module 263 size: 6 bs: 0.0861629
975 1305 2128 2676 5134 5203 
#module 264 size: 10 bs: 0.0285971
657 1294 1397 1499 2623 3122 3708 5215 5422 5656 
#module 265 size: 7 bs: 9.65138e-07
642 1452 1515 2658 3409 3648 5558 
#module 266 size: 13 bs: 0.00128388
73 75 541 940 1246 1531 1572 2341 3563 4277 5015 5272 5485 
