#module 0 size: 9 bs: 1.22125e-15
826 895 977 1618 3499 3614 3769 5343 5368 
#module 1 size: 10 bs: 8.03148e-08
1243 1273 1481 1930 1963 2066 3230 4956 5376 5449 
#module 2 size: 6 bs: 9.51682e-07
10 156 758 1080 2637 3213 
#module 3 size: 6 bs: 1.71315e-08
11 81 191 434 1064 2148 
#module 4 size: 6 bs: 1.10848e-09
13 2377 3298 3414 4654 4719 
#module 5 size: 10 bs: 0.000934425
19 69 612 931 2157 2435 2721 3155 5121 5122 
#module 6 size: 6 bs: 9.6706e-102
21 583 2293 3911 4230 4408 
#module 7 size: 5 bs: 1.79492e-07
885 4097 4230 4480 5652 
#module 8 size: 10 bs: 1.34815e-08
472 714 2545 2976 3227 4272 4408 4874 5069 5312 
#module 9 size: 5 bs: 7.17934e-06
672 1798 3604 3621 4470 
#module 10 size: 6 bs: 4.1364e-07
44 472 1222 1484 2078 3488 
#module 11 size: 9 bs: 9.80083e-05
1222 1496 2171 2732 3600 4345 4531 5237 5539 
#module 12 size: 7 bs: 2.22045e-16
570 573 1962 3408 3488 4154 5073 
#module 13 size: 5 bs: 4.10089e-06
49 2622 3730 3734 4995 
#module 14 size: 7 bs: 1.95444e-07
64 1286 1988 3734 4124 4460 4870 
#module 15 size: 5 bs: 8.14752e-09
53 2191 2566 4821 5766 
#module 16 size: 5 bs: 1.06718e-10
54 300 572 1121 4071 
#module 17 size: 7 bs: 0.000590066
204 2193 2220 2258 4653 5082 5468 
#module 18 size: 6 bs: 1.02884e-12
75 541 1246 2341 3563 5485 
#module 19 size: 6 bs: 1.40472e-07
77 2609 3034 3260 4824 5026 
#module 20 size: 5 bs: 6.9722e-14
78 356 858 3338 3442 
#module 21 size: 3 bs: 1.06718e-10
79 2659 2794 
#module 22 size: 7 bs: 0.00020136
90 2723 2852 3458 3639 3752 5238 
#module 23 size: 7 bs: 7.48584e-09
91 238 679 1111 1380 2171 5732 
#module 24 size: 3 bs: 7.54766e-101
96 1631 3863 
#module 25 size: 4 bs: 3.46302e-11
100 262 2894 5168 
#module 26 size: 7 bs: 0.000525214
104 277 888 1132 1630 2144 2898 
#module 27 size: 8 bs: 2.04805e-07
2144 2268 2636 2796 2812 2840 4284 4880 
#module 28 size: 6 bs: 4.36252e-11
2260 2823 2898 2919 3222 3358 
#module 29 size: 3 bs: 9.95093e-13
106 264 2712 
#module 30 size: 7 bs: 3.23443e-11
109 2032 2070 2498 2568 4388 4597 
#module 31 size: 4 bs: 1.15463e-14
136 1140 3262 4983 
#module 32 size: 5 bs: 2.04805e-07
145 643 2028 4300 5065 
#module 33 size: 12 bs: 5.54835e-11
556 812 843 1615 1687 2058 2337 2788 3461 3648 4668 5065 
#module 34 size: 4 bs: 1.46507e-07
151 3780 3860 3878 
#module 35 size: 5 bs: 4.58696e-101
163 894 1690 1914 4588 
#module 36 size: 7 bs: 2.04805e-07
168 571 2657 2924 3430 4901 5695 
#module 37 size: 7 bs: 1.06718e-10
170 425 1186 1525 2958 3438 3773 
#module 38 size: 4 bs: 1.15463e-14
175 3806 4295 4649 
#module 39 size: 4 bs: 0.000270223
184 340 3005 5321 
#module 40 size: 7 bs: 2.04805e-07
616 1431 1488 2218 3495 5208 5290 
#module 41 size: 10 bs: 6.91074e-10
200 281 1336 1435 2321 3053 3188 4549 4814 5740 
#module 42 size: 6 bs: 8.31264e-102
204 1744 2240 3167 3825 3901 
#module 43 size: 5 bs: 6.02582e-10
205 694 2436 3101 5623 
#module 44 size: 7 bs: 1.06718e-10
569 1290 1337 1672 2762 2807 4610 
#module 45 size: 9 bs: 7.39435e-06
209 617 1338 1563 2826 3474 3648 4961 5196 
#module 46 size: 6 bs: 5.79216e-11
211 593 602 810 1734 5460 
#module 47 size: 5 bs: 3.50131e-09
211 640 2511 2833 5498 
#module 48 size: 5 bs: 9.41742e-07
216 407 3032 5195 5431 
#module 49 size: 5 bs: 5.48504e-05
434 542 2890 3614 5733 
#module 50 size: 5 bs: 2.45103e-05
635 1118 3857 4031 4218 
#module 51 size: 5 bs: 2.24809e-08
218 871 1067 1152 5143 
#module 52 size: 5 bs: 3.73013e-06
230 820 2542 3374 3834 
#module 53 size: 7 bs: 1.06718e-10
870 1433 1485 1802 2415 4525 4694 
#module 54 size: 7 bs: 0.00966813
237 531 597 1739 2998 3147 3408 
#module 55 size: 6 bs: 0.0187336
1772 3181 3219 3243 4707 5125 
#module 56 size: 5 bs: 0.000139071
258 3426 3589 4946 5027 
#module 57 size: 4 bs: 1.99676e-07
260 597 1602 4025 
#module 58 size: 6 bs: 5.28255e-08
265 468 559 1801 1982 3865 
#module 59 size: 5 bs: 1.72438e-05
468 2238 4326 5192 5712 
#module 60 size: 5 bs: 2.26564e-08
1801 4865 5417 5466 5627 
#module 61 size: 7 bs: 9.42233e-07
266 2155 3100 4237 5162 5212 5248 
#module 62 size: 9 bs: 1.34815e-08
267 690 1216 1284 1722 1910 3193 5092 5140 
#module 63 size: 7 bs: 7.23547e-101
275 1298 1643 1649 3638 4748 5303 
#module 64 size: 6 bs: 0.0146201
286 1704 1878 2564 3696 4268 
#module 65 size: 7 bs: 4.0616e-09
504 702 761 1704 2505 4367 5109 
#module 66 size: 6 bs: 8.12954e-09
2016 2460 3488 3696 3775 4556 
#module 67 size: 4 bs: 2.54241e-14
308 900 2904 3705 
#module 68 size: 5 bs: 2.04965e-07
312 937 1365 3483 3975 
#module 69 size: 4 bs: 2.04805e-07
338 2107 2688 3509 
#module 70 size: 3 bs: 2.24809e-08
359 1159 1427 
#module 71 size: 3 bs: 0.000144887
361 1085 3212 
#module 72 size: 6 bs: 2.04805e-07
362 1886 2093 3371 3397 4646 
#module 73 size: 5 bs: 0.000525214
382 1900 2534 3048 5551 
#module 74 size: 5 bs: 0.000525213
391 2540 3589 4791 5324 
#module 75 size: 7 bs: 6.9722e-14
729 1261 2521 2540 2855 3036 3661 
#module 76 size: 5 bs: 1.06718e-10
393 461 1730 2000 4139 
#module 77 size: 5 bs: 1.52622e-10
404 962 2239 2926 4521 
#module 78 size: 9 bs: 1.06718e-10
413 687 2141 2420 2628 3107 3275 3804 5217 
#module 79 size: 7 bs: 2.7463e-05
415 492 935 1196 2244 3151 5559 
#module 80 size: 6 bs: 0.000526114
430 632 1786 2066 4337 5616 
#module 81 size: 5 bs: 4.22342e-101
632 1667 3504 3686 5259 
#module 82 size: 6 bs: 0.0467698
445 923 1155 1448 1463 5071 
#module 83 size: 5 bs: 1.34465e-08
562 616 720 4720 5133 
#module 84 size: 6 bs: 6.9722e-14
472 1450 2268 2713 3717 5748 
#module 85 size: 6 bs: 5.28213e-05
473 712 1072 2792 3927 4967 
#module 86 size: 4 bs: 1.01932e-05
474 1363 2648 5713 
#module 87 size: 7 bs: 1.13066e-08
484 620 1989 2261 3047 3469 4900 
#module 88 size: 7 bs: 6.9722e-14
508 921 1053 3092 4623 4949 5376 
#module 89 size: 7 bs: 2.04805e-07
642 1452 1515 2658 3409 3648 5558 
#module 90 size: 5 bs: 2.76779e-13
546 1263 1966 1990 3403 
#module 91 size: 6 bs: 9.65136e-07
548 1933 2218 2402 3064 5328 
#module 92 size: 6 bs: 2.42224e-102
569 2395 2747 3950 4870 5542 
#module 93 size: 3 bs: 3.83789e-06
606 1465 2103 
#module 94 size: 3 bs: 0.00070176
622 3910 3969 
#module 95 size: 8 bs: 2.49714e-06
940 953 2033 3380 3757 4094 4845 5401 
#module 96 size: 7 bs: 0.000525214
670 1020 1920 3206 3596 3966 4096 
#module 97 size: 3 bs: 0.000525213
631 5385 5678 
#module 98 size: 5 bs: 0.0342017
638 2032 4652 5075 5660 
#module 99 size: 9 bs: 1.08025e-13
653 841 1004 1447 2914 3416 3641 3828 4108 
#module 100 size: 3 bs: 0.000525213
656 3459 4242 
#module 101 size: 7 bs: 8.93453e-11
661 1717 2331 3499 3587 4806 5128 
#module 102 size: 6 bs: 0.000525214
1006 2120 2450 3091 4806 5118 
#module 103 size: 7 bs: 7.48583e-09
670 681 841 1841 2053 2671 2687 
#module 104 size: 5 bs: 3.15028e-10
682 1636 2131 3283 3616 
#module 105 size: 3 bs: 3.23442e-11
688 2393 4151 
#module 106 size: 5 bs: 9.35253e-06
692 847 3747 5416 5507 
#module 107 size: 7 bs: 0.000525214
1254 1261 2041 4239 4394 5031 5512 
#module 108 size: 5 bs: 7.48584e-09
737 1550 2630 3590 3688 
#module 109 size: 3 bs: 2.76536e-08
738 1861 2893 
#module 110 size: 5 bs: 0.000413572
743 961 4405 4963 5216 
#module 111 size: 5 bs: 5.09592e-14
748 937 1353 1988 2736 
#module 112 size: 3 bs: 0.000525213
750 1075 2457 
#module 113 size: 3 bs: 0.0403708
766 1854 2166 
#module 114 size: 3 bs: 4.70771e-06
775 1670 3725 
#module 115 size: 8 bs: 2.13618e-12
781 1262 1477 2231 3255 4132 4485 5635 
#module 116 size: 5 bs: 0.000525213
785 1452 2117 2903 5286 
#module 117 size: 10 bs: 0.000525214
789 886 1532 2615 2691 2759 3182 3496 3673 4283 
#module 118 size: 4 bs: 0.000203663
815 2280 3608 4355 
#module 119 size: 4 bs: 0.000525214
825 3617 5130 5383 
#module 120 size: 6 bs: 5.11567e-101
831 2334 3037 3185 3286 3795 
#module 121 size: 5 bs: 0.000525123
860 893 986 2289 4495 
#module 122 size: 5 bs: 2.04806e-07
876 3000 3001 4896 5138 
#module 123 size: 3 bs: 6.9722e-14
877 1302 4089 
#module 124 size: 5 bs: 5.35122e-06
884 2799 2901 4481 4482 
#module 125 size: 3 bs: 0.000525149
891 3609 5528 
#module 126 size: 7 bs: 0.00243888
905 1022 1236 3316 3583 4414 5467 
#module 127 size: 3 bs: 1.06718e-10
907 2984 4207 
#module 128 size: 3 bs: 0.000525214
920 2137 4657 
#module 129 size: 5 bs: 1.06718e-10
931 1120 1452 1569 2199 
#module 130 size: 5 bs: 0.000525214
1569 1812 3449 4772 4891 
#module 131 size: 6 bs: 0.000526179
1011 1538 1605 1612 4204 4870 
#module 132 size: 5 bs: 0.000525214
939 2200 2380 4253 5613 
#module 133 size: 3 bs: 7.48583e-09
958 4233 4548 
#module 134 size: 5 bs: 1.16194e-05
968 1683 2012 3783 4515 
#module 135 size: 3 bs: 4.713e-07
985 1177 4923 
#module 136 size: 3 bs: 7.16816e-06
995 2179 3739 
#module 137 size: 3 bs: 0.0146201
999 2237 4177 
#module 138 size: 4 bs: 1.06718e-10
1008 2631 4681 5456 
#module 139 size: 3 bs: 0.000924377
1015 1686 2699 
#module 140 size: 5 bs: 0.000525213
1023 3176 3226 4550 4912 
#module 141 size: 4 bs: 0.000525214
1033 1701 2295 4222 
#module 142 size: 3 bs: 0.000525213
1035 4590 5003 
#module 143 size: 5 bs: 2.04805e-07
1045 1535 1709 3189 4302 
#module 144 size: 3 bs: 0.000525214
1055 1058 4984 
#module 145 size: 5 bs: 1.06718e-10
1059 1243 1316 3094 3119 
#module 146 size: 4 bs: 2.04805e-07
1099 3568 3728 4493 
#module 147 size: 3 bs: 0.000525213
1136 1747 2820 
#module 148 size: 3 bs: 1.06718e-10
1184 1494 4540 
#module 149 size: 3 bs: 0.000115962
1207 4235 4490 
#module 150 size: 3 bs: 0.000525214
1208 3813 5339 
#module 151 size: 5 bs: 7.66617e-08
1217 1881 2274 2553 5008 
#module 152 size: 4 bs: 2.04805e-07
1233 2176 2854 4664 
#module 153 size: 7 bs: 0.000525214
1266 1507 1691 2424 3389 4003 5139 
#module 154 size: 3 bs: 0.000525213
1270 2447 3799 
#module 155 size: 4 bs: 0.000525214
1293 2215 4271 5524 
#module 156 size: 5 bs: 0.000525214
1793 2126 2268 5304 5641 
#module 157 size: 5 bs: 2.04805e-07
1326 1767 3643 4163 4432 
#module 158 size: 3 bs: 0.0233994
1356 1776 4723 
#module 159 size: 5 bs: 2.32097e-102
1380 1770 2266 3093 5020 
#module 160 size: 3 bs: 0.000525214
1443 1791 5432 
#module 161 size: 5 bs: 2.04805e-07
1452 2733 3190 5485 5702 
#module 162 size: 3 bs: 1.36297e-05
1487 5348 5744 
#module 163 size: 5 bs: 0.007848
1550 2157 2722 4354 5653 
#module 164 size: 7 bs: 1.06718e-10
1559 2109 2911 2948 3839 4211 5754 
#module 165 size: 3 bs: 0.000525214
1589 2197 4690 
#module 166 size: 3 bs: 1.28657e-06
1625 2414 5144 
#module 167 size: 6 bs: 2.24108e-08
1666 2142 2578 2580 4541 4794 
#module 168 size: 3 bs: 0.000590678
1682 1897 2504 
#module 169 size: 3 bs: 0.000525214
1706 1955 5691 
#module 170 size: 7 bs: 5.35123e-06
1758 2428 3510 4527 4532 4574 5743 
#module 171 size: 10 bs: 1.79467e-101
1828 2494 2520 2886 3581 3755 3985 4093 5421 5679 
#module 172 size: 5 bs: 0.000525213
1857 1995 2582 2720 3850 
#module 173 size: 6 bs: 0.000525214
2899 3850 4459 4544 4633 5737 
#module 174 size: 3 bs: 6.9722e-14
1887 3220 4409 
#module 175 size: 5 bs: 0.000385602
1892 2056 2159 4360 4629 
#module 176 size: 5 bs: 0.000525213
1997 2668 3242 3317 5347 
#module 177 size: 4 bs: 3.48411e-101
2149 2910 3684 3754 
#module 178 size: 7 bs: 8.83874e-101
2180 3244 3843 4756 5100 5316 5479 
#module 179 size: 3 bs: 1.34465e-08
2217 4595 5367 
#module 180 size: 5 bs: 8.80973e-12
2232 2326 3388 5157 5198 
#module 181 size: 3 bs: 0.000525214
2275 2401 3718 
#module 182 size: 5 bs: 1.06718e-10
2390 2493 3418 4084 4441 
#module 183 size: 3 bs: 1.06718e-10
2430 4937 5243 
#module 184 size: 3 bs: 2.55713e-07
2444 2957 3072 
#module 185 size: 3 bs: 2.04805e-07
2571 4217 4848 
#module 186 size: 5 bs: 0.000526179
2637 2876 2975 3703 4558 
#module 187 size: 3 bs: 0.000525213
2754 5219 5647 
#module 188 size: 4 bs: 0.00052515
2767 4175 4485 5443 
#module 189 size: 5 bs: 0.000525214
2955 4436 4861 5204 5493 
#module 190 size: 4 bs: 1.06718e-10
3067 4023 4328 5059 
#module 191 size: 5 bs: 0.000525214
3130 3569 3690 5285 5657 
#module 192 size: 3 bs: 0.000525214
3269 4458 5420 
#module 193 size: 3 bs: 0.000525214
3352 3434 5606 
#module 194 size: 4 bs: 1.95444e-07
3432 3872 4823 5160 
#module 195 size: 3 bs: 0.000525214
3597 4191 4198 
#module 196 size: 3 bs: 2.46435e-05
3625 4834 4945 
#module 197 size: 6 bs: 1.06718e-10
3627 4081 4750 4803 4981 5049 
#module 198 size: 3 bs: 2.04805e-07
3990 4294 4618 
#module 199 size: 3 bs: 1.06718e-10
4067 4396 5011 
#module 200 size: 3 bs: 0.000525214
4318 5185 5400 
#module 201 size: 6 bs: 4.06689e-09
142 1978 2991 4330 5208 5488 
#module 202 size: 5 bs: 0.00036853
63 381 852 2018 2097 
#module 203 size: 11 bs: 6.31763e-101
267 852 1000 1269 1303 2097 2793 3548 4529 4764 5425 
#module 204 size: 5 bs: 0.000701678
1372 1785 4249 4730 5069 
#module 205 size: 7 bs: 8.03148e-08
42 146 1633 2051 3621 4455 4548 
#module 206 size: 7 bs: 1.28657e-06
1357 1761 2205 4792 4961 5557 5560 
#module 207 size: 8 bs: 3.79893e-11
555 866 1970 2643 3095 3474 4082 4724 
#module 208 size: 5 bs: 3.53455e-08
1713 3095 3952 4065 4947 
#module 209 size: 5 bs: 7.48584e-09
215 1215 1279 1548 4679 
#module 210 size: 5 bs: 0.000181151
1548 2090 2983 3243 4172 
#module 211 size: 7 bs: 1.14575e-07
2281 2920 3392 3734 3950 5232 5451 
#module 212 size: 7 bs: 2.75058e-05
718 2117 2281 3245 3950 4249 4961 
#module 213 size: 8 bs: 0.000601085
624 2033 2826 3503 3596 3610 5070 5447 
#module 214 size: 7 bs: 2.54863e-09
219 2182 3054 3503 4194 4404 4725 
#module 215 size: 5 bs: 5.30458e-08
587 1350 2036 2858 4059 
#module 216 size: 8 bs: 0.000396702
855 2073 2097 2158 2200 4020 4021 5712 
#module 217 size: 8 bs: 1.11022e-16
358 577 623 684 832 1473 4892 5671 
#module 218 size: 8 bs: 5.97855e-13
530 864 2264 3055 3465 4571 5516 5719 
#module 219 size: 9 bs: 4.44089e-16
588 863 3055 3465 4035 4252 4273 4849 4868 
#module 220 size: 8 bs: 1.34534e-08
2305 3246 3610 3777 4152 4462 4721 4736 
#module 221 size: 6 bs: 8.80973e-12
581 1041 1258 2129 3679 5673 
#module 222 size: 5 bs: 2.51737e-05
655 1258 2151 3410 4031 
#module 223 size: 9 bs: 0.0470451
276 913 1054 1081 1500 1970 2167 3346 3970 
#module 224 size: 11 bs: 0.0236798
224 838 1241 1931 1953 2403 3550 3800 4020 4021 4708 
#module 225 size: 5 bs: 0.000590065
73 204 1572 5272 5485 
#module 226 size: 5 bs: 0.00125338
253 1021 1473 3054 3219 
#module 227 size: 5 bs: 0.00560316
191 1357 1488 2301 2643 
#module 228 size: 5 bs: 0.000932348
216 542 3890 3950 4218 
#module 229 size: 5 bs: 0.00221839
472 562 2090 2385 4510 
#module 230 size: 5 bs: 7.03448e-08
728 2051 3243 5133 5474 
#module 231 size: 8 bs: 0.00315828
580 914 1520 3445 3553 4781 5006 5223 
#module 232 size: 6 bs: 0.0094195
48 196 1334 1414 1432 1996 
#module 233 size: 5 bs: 0.0552601
3 771 895 2051 2066 
#module 234 size: 10 bs: 0.0188063
88 213 744 1493 1716 2242 2745 3558 3862 4011 
#module 235 size: 4 bs: 0.00252134
947 1337 2709 5092 
#module 236 size: 6 bs: 0.0640489
110 758 3484 3637 4037 5006 
#module 237 size: 8 bs: 0.00819328
865 984 1094 1479 2270 2358 3777 4281 
#module 238 size: 17 bs: 0.00907461
926 930 1115 1357 2051 2094 2882 3033 3344 3472 3507 3611 3621 3852 4186 4190 5025 
#module 239 size: 10 bs: 0.0285971
657 1294 1397 1499 2623 3122 3708 5215 5422 5656 
#module 240 size: 11 bs: 0.0058951
207 639 1290 1576 2242 2606 3153 3350 3592 4391 4407 
#module 241 size: 5 bs: 6.64081e-05
767 2105 3054 5441 5716 
#module 242 size: 16 bs: 0.00320926
217 705 963 2462 2629 2653 3238 3373 3610 3777 4092 4113 4123 5064 5211 5605 
#module 243 size: 7 bs: 3.2363e-13
247 1438 1603 2192 3592 3928 4894 
#module 244 size: 19 bs: 0.000171128
66 707 943 1047 1104 1725 1846 2168 2744 2958 2959 3236 3982 5263 5359 5577 5578 5597 5747 
#module 245 size: 13 bs: 3.43063e-05
946 1219 1278 1807 1980 2090 2683 2891 2994 4307 5233 5529 5724 
#module 246 size: 6 bs: 4.06689e-09
664 1114 2063 3861 3970 3986 
#module 247 size: 6 bs: 0.352219
767 1783 1797 3027 4496 5136 
#module 248 size: 6 bs: 0.95707
226 1123 2020 2664 4727 5195 
#module 249 size: 10 bs: 0.635959
655 730 783 2068 2153 2686 3777 3961 5077 5464 
#module 250 size: 6 bs: 0.72809
666 1582 1621 2066 2497 2805 
#module 251 size: 8 bs: 0.298688
749 925 1049 2897 3288 4691 4707 5531 
#module 252 size: 6 bs: 0.182448
847 1119 1234 1755 2963 4357 
#module 253 size: 6 bs: 0.251116
940 1246 1531 4277 5015 5169 
#module 254 size: 10 bs: 1.0714
174 252 951 2908 4730 4964 4965 5288 5666 5735 
#module 255 size: 9 bs: 0.95066
234 1305 2348 2646 2676 3482 4694 4820 5203 
#module 256 size: 5 bs: 0.547855
83 377 519 1707 3494 
#module 257 size: 10 bs: 0.847
427 449 975 1566 1715 2128 2697 3305 3911 5134 
#module 258 size: 14 bs: 0.779121
571 657 821 1695 1841 2602 2623 3199 3572 3708 5034 5215 5225 5342 
#module 259 size: 10 bs: 0.884389
742 1251 1577 2707 2922 3228 4012 5434 5523 5569 
#module 260 size: 5 bs: 0.970662
16 1702 2235 2533 4503 
#module 261 size: 15 bs: 0.888244
222 624 665 1257 1348 1755 2374 2858 3658 3835 4713 4735 4833 5133 5650 
#module 262 size: 7 bs: 1.04386
1297 1307 2126 2870 5225 5258 5716 
#module 263 size: 17 bs: 0.899206
41 313 396 409 797 1252 1640 1681 1757 2814 3198 3827 4072 4183 4285 5342 5436 
#module 264 size: 5 bs: 0.469883
1792 2320 2726 3291 4816 
#module 265 size: 9 bs: 0.1018
709 833 1114 1304 2077 2228 3621 3748 4955 
#module 266 size: 18 bs: 0.46597
20 141 182 459 506 545 916 941 2004 2458 4024 4041 4265 4377 4412 4822 4939 5227 
#module 267 size: 1 bs: 1
1078 
#module 268 size: 1 bs: 1
1428 
#module 269 size: 1 bs: 1
1237 
#module 270 size: 1 bs: 1
2760 
#module 271 size: 1 bs: 1
2319 
#module 272 size: 1 bs: 1
3707 
