#module 0 size: 11 bs: 0.000470971
109 638 2032 2070 2498 2568 4388 4597 4652 5075 5660 
#module 1 size: 40 bs: 1.06523e-06
16 66 170 211 425 593 602 640 707 810 943 1047 1104 1186 1525 1702 1725 1734 1846 2168 2235 2511 2533 2744 2833 2958 2959 3236 3438 3773 3982 4503 5263 5359 5460 5498 5577 5578 5597 5747 
#module 2 size: 14 bs: 1.67637e-08
265 468 559 1801 1982 2238 3865 4326 4865 5192 5417 5466 5627 5712 
#module 3 size: 11 bs: 3.91209e-12
781 1262 1477 2231 2767 3255 4132 4175 4485 5443 5635 
#module 4 size: 10 bs: 4.31877e-14
1857 1995 2582 2720 2899 3850 4459 4544 4633 5737 
#module 5 size: 15 bs: 0.000159179
530 588 863 864 2264 3055 3465 4035 4252 4273 4571 4849 4868 5516 5719 
#module 6 size: 30 bs: 0.0224485
145 209 556 617 642 643 812 843 1338 1452 1515 1563 1615 1687 2028 2058 2337 2658 2788 2826 3409 3461 3474 3648 4300 4668 4961 5065 5196 5558 
#module 7 size: 16 bs: 4.61765e-09
237 260 531 570 573 597 1602 1739 1962 2998 3147 3408 3488 4025 4154 5073 
#module 8 size: 23 bs: 0.00160837
48 196 286 504 702 761 1334 1414 1432 1704 1878 1996 2016 2460 2505 2564 3488 3696 3775 4268 4367 4556 5109 
#module 9 size: 13 bs: 0.00068489
749 925 1049 1772 2897 3181 3219 3243 3288 4691 4707 5125 5531 
#module 10 size: 32 bs: 3.83411e-05
215 472 562 616 720 728 946 1215 1219 1278 1279 1548 1807 1980 2051 2090 2385 2683 2891 2983 2994 3243 4172 4307 4510 4679 4720 5133 5233 5474 5529 5724 
#module 11 size: 38 bs: 1.78901e-07
217 655 705 730 783 865 963 984 1094 1479 2068 2153 2270 2305 2358 2462 2629 2653 2686 3238 3246 3373 3610 3777 3961 4092 4113 4123 4152 4281 4462 4721 4736 5064 5077 5211 5464 5605 
#module 12 size: 21 bs: 4.16519e-06
653 670 681 841 1004 1020 1447 1841 1920 2053 2671 2687 2914 3206 3416 3596 3641 3828 3966 4096 4108 
#module 13 size: 29 bs: 4.96252e-07
63 267 381 690 852 855 1000 1216 1269 1284 1303 1722 1910 2018 2073 2097 2158 2200 2793 3193 3548 4020 4021 4529 4764 5092 5140 5425 5712 
#module 14 size: 18 bs: 0.0689471
216 226 407 542 635 1118 1123 2020 2664 3032 3857 3890 3950 4031 4218 4727 5195 5431 
#module 15 size: 19 bs: 1.78901e-07
104 277 888 1132 1630 2144 2260 2268 2636 2796 2812 2823 2840 2898 2919 3222 3358 4284 4880 
#module 16 size: 17 bs: 0.00317557
472 1450 1793 2126 2144 2268 2636 2713 2796 2812 2840 3717 4284 4880 5304 5641 5748 
#module 17 size: 25 bs: 0.000758138
234 427 449 870 975 1305 1433 1485 1566 1715 1802 2128 2348 2415 2646 2676 2697 3305 3482 3911 4525 4694 4820 5134 5203 
#module 18 size: 23 bs: 0.0194834
581 635 655 730 783 1041 1118 1258 2068 2129 2151 2153 2686 3410 3679 3777 3857 3961 4031 4218 5077 5464 5673 
#module 19 size: 14 bs: 1.09963e-06
276 664 913 1054 1081 1114 1500 1970 2063 2167 3346 3861 3970 3986 
#module 20 size: 25 bs: 0.0180536
508 666 921 1053 1059 1243 1273 1316 1481 1582 1621 1930 1963 2066 2497 2805 3092 3094 3119 3230 4623 4949 4956 5376 5449 
#module 21 size: 19 bs: 0.00583832
21 472 583 714 885 2293 2545 2976 3227 3911 4097 4230 4272 4408 4480 4874 5069 5312 5652 
#module 22 size: 23 bs: 4.88815e-05
174 252 472 714 951 1372 1785 2545 2908 2976 3227 4249 4272 4408 4730 4874 4964 4965 5069 5288 5312 5666 5735 
#module 23 size: 26 bs: 0.000231303
19 69 612 737 931 1120 1452 1550 1569 1812 2157 2199 2435 2630 2721 2722 3155 3449 3590 3688 4354 4772 4891 5121 5122 5653 
#module 24 size: 11 bs: 1.48368e-08
91 238 679 1111 1380 1770 2171 2266 3093 5020 5732 
#module 25 size: 14 bs: 0.00173064
44 472 1222 1484 1496 2078 2171 2732 3488 3600 4345 4531 5237 5539 
#module 26 size: 18 bs: 0.00116021
75 541 940 953 1246 1531 2033 2341 3380 3563 3757 4094 4277 4845 5015 5169 5401 5485 
#module 27 size: 17 bs: 1.9361e-06
142 548 616 1431 1488 1933 1978 2218 2402 2991 3064 3495 4330 5208 5290 5328 5488 
#module 28 size: 20 bs: 3.09164e-06
209 555 617 866 1338 1563 1713 1970 2643 2826 3095 3474 3648 3952 4065 4082 4724 4947 4961 5196 
#module 29 size: 12 bs: 0.00206258
661 1006 1717 2120 2331 2450 3091 3499 3587 4806 5118 5128 
#module 30 size: 42 bs: 1.10493e-08
41 168 313 396 409 571 657 797 821 1252 1294 1397 1499 1640 1681 1695 1757 1841 2602 2623 2657 2814 2924 3122 3198 3199 3430 3572 3708 3827 4072 4183 4285 4901 5034 5215 5225 5342 5422 5436 5656 5695 
#module 31 size: 19 bs: 5.8718e-10
3 430 632 666 771 895 1582 1621 1667 1786 2051 2066 2497 2805 3504 3686 4337 5259 5616 
#module 32 size: 19 bs: 0.00544994
472 562 714 1450 2090 2268 2385 2545 2713 2976 3227 3717 4272 4408 4510 4874 5069 5312 5748 
#module 33 size: 18 bs: 0.0640982
10 110 156 580 758 914 1080 1520 2637 3213 3445 3484 3553 3637 4037 4781 5006 5223 
#module 34 size: 10 bs: 0.000160427
692 847 1119 1234 1755 2963 3747 4357 5416 5507 
#module 35 size: 19 bs: 0.0414914
222 587 624 665 1257 1348 1350 1755 2036 2374 2858 3658 3835 4059 4713 4735 4833 5133 5650 
#module 36 size: 54 bs: 0.0720654
3 42 146 191 672 709 728 771 833 895 926 930 958 1114 1115 1304 1357 1488 1633 1761 1798 2051 2066 2077 2094 2205 2228 2301 2643 2882 3033 3243 3344 3472 3507 3604 3611 3621 3748 3852 4186 4190 4233 4455 4470 4548 4792 4955 4961 5025 5133 5474 5557 5560 
#module 37 size: 16 bs: 0.0790521
767 1297 1307 1783 1797 2105 2126 2870 3027 3054 4496 5136 5225 5258 5441 5716 
#module 38 size: 25 bs: 5.87181e-10
224 468 838 855 939 1241 1931 1953 2073 2097 2158 2200 2238 2380 2403 3550 3800 4020 4021 4253 4326 4708 5192 5613 5712 
#module 39 size: 21 bs: 2.19341e-05
73 75 204 541 1246 1572 1744 2193 2220 2240 2258 2341 3167 3563 3825 3901 4653 5082 5272 5468 5485 
#module 40 size: 26 bs: 1.7385e-05
49 64 569 718 1286 1988 2117 2281 2395 2622 2747 2920 3245 3392 3730 3734 3950 4124 4249 4460 4870 4961 4995 5232 5451 5542 
#module 41 size: 20 bs: 8.35057e-07
64 312 748 937 1011 1286 1353 1365 1538 1605 1612 1988 2736 3483 3734 3975 4124 4204 4460 4870 
#module 42 size: 13 bs: 3.38074e-10
729 1254 1261 2041 2521 2540 2855 3036 3661 4239 4394 5031 5512 
#module 43 size: 13 bs: 0.000438668
258 391 947 1337 2540 2709 3426 3589 4791 4946 5027 5092 5324 
#module 44 size: 15 bs: 0.0153148
569 947 1290 1337 1672 2395 2709 2747 2762 2807 3950 4610 4870 5092 5542 
#module 45 size: 31 bs: 0.00062061
88 207 213 247 639 744 1290 1438 1493 1576 1603 1716 2192 2242 2606 2637 2745 2876 2975 3153 3350 3558 3592 3703 3862 3928 4011 4391 4407 4558 4894 
#module 46 size: 18 bs: 0.000694355
11 81 191 434 542 826 895 977 1064 1618 2148 2890 3499 3614 3769 5343 5368 5733 
#module 47 size: 37 bs: 0.0166689
3 20 141 142 182 459 506 545 771 826 895 916 941 977 1618 1978 2004 2051 2066 2458 2991 3499 3614 3769 4024 4041 4265 4330 4377 4412 4822 4939 5208 5227 5343 5368 5488 
#module 48 size: 21 bs: 0.00118729
219 624 940 953 2033 2182 2826 3054 3380 3503 3596 3610 3757 4094 4194 4404 4725 4845 5070 5401 5447 
#module 49 size: 22 bs: 0.0780077
253 358 577 623 684 742 832 1021 1251 1473 1577 2707 2922 3054 3219 3228 4012 4892 5434 5523 5569 5671 
#module 50 size: 28 bs: 0.0140771
83 377 519 642 785 931 1120 1452 1515 1569 1707 1812 2117 2199 2658 2733 2903 3190 3409 3449 3494 3648 4772 4891 5286 5485 5558 5702 
#module 51 size: 6 bs: 1
13 2377 3298 3414 4654 4719 
#module 52 size: 5 bs: 1
53 2191 2566 4821 5766 
#module 53 size: 5 bs: 1
54 300 572 1121 4071 
#module 54 size: 6 bs: 1
77 2609 3034 3260 4824 5026 
#module 55 size: 5 bs: 1
78 356 858 3338 3442 
#module 56 size: 3 bs: 1
79 2659 2794 
#module 57 size: 7 bs: 1
90 2723 2852 3458 3639 3752 5238 
#module 58 size: 3 bs: 1
96 1631 3863 
#module 59 size: 4 bs: 1
100 262 2894 5168 
#module 60 size: 3 bs: 1
106 264 2712 
#module 61 size: 4 bs: 1
136 1140 3262 4983 
#module 62 size: 4 bs: 1
151 3780 3860 3878 
#module 63 size: 5 bs: 1
163 894 1690 1914 4588 
#module 64 size: 4 bs: 1
175 3806 4295 4649 
#module 65 size: 4 bs: 1
184 340 3005 5321 
#module 66 size: 10 bs: 1
200 281 1336 1435 2321 3053 3188 4549 4814 5740 
#module 67 size: 5 bs: 1
205 694 2436 3101 5623 
#module 68 size: 5 bs: 1
218 871 1067 1152 5143 
#module 69 size: 5 bs: 1
230 820 2542 3374 3834 
#module 70 size: 7 bs: 1
266 2155 3100 4237 5162 5212 5248 
#module 71 size: 7 bs: 1
275 1298 1643 1649 3638 4748 5303 
#module 72 size: 4 bs: 1
308 900 2904 3705 
#module 73 size: 4 bs: 1
338 2107 2688 3509 
#module 74 size: 3 bs: 1
359 1159 1427 
#module 75 size: 3 bs: 1
361 1085 3212 
#module 76 size: 6 bs: 1
362 1886 2093 3371 3397 4646 
#module 77 size: 5 bs: 1
382 1900 2534 3048 5551 
#module 78 size: 5 bs: 1
393 461 1730 2000 4139 
#module 79 size: 5 bs: 1
404 962 2239 2926 4521 
#module 80 size: 9 bs: 1
413 687 2141 2420 2628 3107 3275 3804 5217 
#module 81 size: 7 bs: 1
415 492 935 1196 2244 3151 5559 
#module 82 size: 6 bs: 1
445 923 1155 1448 1463 5071 
#module 83 size: 6 bs: 1
473 712 1072 2792 3927 4967 
#module 84 size: 4 bs: 1
474 1363 2648 5713 
#module 85 size: 7 bs: 1
484 620 1989 2261 3047 3469 4900 
#module 86 size: 5 bs: 1
546 1263 1966 1990 3403 
#module 87 size: 3 bs: 1
606 1465 2103 
#module 88 size: 3 bs: 1
622 3910 3969 
#module 89 size: 3 bs: 1
631 5385 5678 
#module 90 size: 3 bs: 1
656 3459 4242 
#module 91 size: 5 bs: 1
682 1636 2131 3283 3616 
#module 92 size: 3 bs: 1
688 2393 4151 
#module 93 size: 3 bs: 1
738 1861 2893 
#module 94 size: 5 bs: 1
743 961 4405 4963 5216 
#module 95 size: 3 bs: 1
750 1075 2457 
#module 96 size: 3 bs: 1
766 1854 2166 
#module 97 size: 3 bs: 1
775 1670 3725 
#module 98 size: 10 bs: 1
789 886 1532 2615 2691 2759 3182 3496 3673 4283 
#module 99 size: 4 bs: 1
815 2280 3608 4355 
#module 100 size: 4 bs: 1
825 3617 5130 5383 
#module 101 size: 6 bs: 1
831 2334 3037 3185 3286 3795 
#module 102 size: 5 bs: 1
860 893 986 2289 4495 
#module 103 size: 5 bs: 1
876 3000 3001 4896 5138 
#module 104 size: 3 bs: 1
877 1302 4089 
#module 105 size: 5 bs: 1
884 2799 2901 4481 4482 
#module 106 size: 3 bs: 1
891 3609 5528 
#module 107 size: 7 bs: 1
905 1022 1236 3316 3583 4414 5467 
#module 108 size: 3 bs: 1
907 2984 4207 
#module 109 size: 3 bs: 1
920 2137 4657 
#module 110 size: 5 bs: 1
968 1683 2012 3783 4515 
#module 111 size: 3 bs: 1
985 1177 4923 
#module 112 size: 3 bs: 1
995 2179 3739 
#module 113 size: 3 bs: 1
999 2237 4177 
#module 114 size: 4 bs: 1
1008 2631 4681 5456 
#module 115 size: 3 bs: 1
1015 1686 2699 
#module 116 size: 5 bs: 1
1023 3176 3226 4550 4912 
#module 117 size: 4 bs: 1
1033 1701 2295 4222 
#module 118 size: 3 bs: 1
1035 4590 5003 
#module 119 size: 5 bs: 1
1045 1535 1709 3189 4302 
#module 120 size: 3 bs: 1
1055 1058 4984 
#module 121 size: 4 bs: 1
1099 3568 3728 4493 
#module 122 size: 3 bs: 1
1136 1747 2820 
#module 123 size: 3 bs: 1
1184 1494 4540 
#module 124 size: 3 bs: 1
1207 4235 4490 
#module 125 size: 3 bs: 1
1208 3813 5339 
#module 126 size: 5 bs: 1
1217 1881 2274 2553 5008 
#module 127 size: 4 bs: 1
1233 2176 2854 4664 
#module 128 size: 7 bs: 1
1266 1507 1691 2424 3389 4003 5139 
#module 129 size: 3 bs: 1
1270 2447 3799 
#module 130 size: 4 bs: 1
1293 2215 4271 5524 
#module 131 size: 5 bs: 1
1326 1767 3643 4163 4432 
#module 132 size: 3 bs: 1
1356 1776 4723 
#module 133 size: 3 bs: 1
1443 1791 5432 
#module 134 size: 3 bs: 1
1487 5348 5744 
#module 135 size: 7 bs: 1
1559 2109 2911 2948 3839 4211 5754 
#module 136 size: 3 bs: 1
1589 2197 4690 
#module 137 size: 3 bs: 1
1625 2414 5144 
#module 138 size: 6 bs: 1
1666 2142 2578 2580 4541 4794 
#module 139 size: 3 bs: 1
1682 1897 2504 
#module 140 size: 3 bs: 1
1706 1955 5691 
#module 141 size: 7 bs: 1
1758 2428 3510 4527 4532 4574 5743 
#module 142 size: 10 bs: 1
1828 2494 2520 2886 3581 3755 3985 4093 5421 5679 
#module 143 size: 3 bs: 1
1887 3220 4409 
#module 144 size: 5 bs: 1
1892 2056 2159 4360 4629 
#module 145 size: 5 bs: 1
1997 2668 3242 3317 5347 
#module 146 size: 4 bs: 1
2149 2910 3684 3754 
#module 147 size: 7 bs: 1
2180 3244 3843 4756 5100 5316 5479 
#module 148 size: 3 bs: 1
2217 4595 5367 
#module 149 size: 5 bs: 1
2232 2326 3388 5157 5198 
#module 150 size: 3 bs: 1
2275 2401 3718 
#module 151 size: 5 bs: 1
2390 2493 3418 4084 4441 
#module 152 size: 3 bs: 1
2430 4937 5243 
#module 153 size: 3 bs: 1
2444 2957 3072 
#module 154 size: 3 bs: 1
2571 4217 4848 
#module 155 size: 3 bs: 1
2754 5219 5647 
#module 156 size: 5 bs: 1
2955 4436 4861 5204 5493 
#module 157 size: 4 bs: 1
3067 4023 4328 5059 
#module 158 size: 5 bs: 1
3130 3569 3690 5285 5657 
#module 159 size: 3 bs: 1
3269 4458 5420 
#module 160 size: 3 bs: 1
3352 3434 5606 
#module 161 size: 4 bs: 1
3432 3872 4823 5160 
#module 162 size: 3 bs: 1
3597 4191 4198 
#module 163 size: 3 bs: 1
3625 4834 4945 
#module 164 size: 6 bs: 1
3627 4081 4750 4803 4981 5049 
#module 165 size: 3 bs: 1
3990 4294 4618 
#module 166 size: 3 bs: 1
4067 4396 5011 
#module 167 size: 3 bs: 1
4318 5185 5400 
#module 168 size: 5 bs: 1
1792 2320 2726 3291 4816 
#module 169 size: 1 bs: 1
1078 
#module 170 size: 1 bs: 1
1428 
#module 171 size: 1 bs: 1
1237 
#module 172 size: 1 bs: 1
2760 
#module 173 size: 1 bs: 1
2319 
#module 174 size: 1 bs: 1
3707 
