#module 0 size: 150 bs: 0.000193237
21 44 48 91 104 174 196 215 237 238 252 260 277 286 472 504 531 562 570 573 583 597 616 679 702 714 720 728 761 885 888 946 951 1111 1132 1215 1219 1222 1278 1279 1334 1372 1380 1414 1432 1450 1484 1496 1548 1602 1630 1704 1739 1770 1785 1793 1807 1878 1962 1980 1996 2016 2051 2078 2090 2126 2144 2171 2260 2266 2268 2293 2385 2460 2505 2545 2564 2636 2683 2713 2732 2796 2812 2823 2840 2891 2898 2908 2919 2976 2983 2994 2998 3093 3147 3222 3227 3243 3358 3408 3488 3600 3696 3717 3775 3911 4025 4097 4154 4172 4230 4249 4268 4272 4284 4307 4345 4367 4408 4480 4510 4531 4556 4679 4720 4730 4874 4880 4964 4965 5020 5069 5073 5109 5133 5233 5237 5288 5304 5312 5474 5529 5539 5641 5652 5666 5724 5732 5735 5748 
#module 1 size: 133 bs: 0.0988738
10 49 64 88 110 156 207 213 216 226 247 258 312 391 407 542 569 580 635 639 718 729 744 748 758 914 937 947 1011 1080 1118 1123 1254 1261 1286 1290 1337 1353 1365 1438 1493 1520 1538 1576 1603 1605 1612 1672 1716 1988 2020 2041 2117 2192 2242 2281 2395 2521 2540 2606 2622 2637 2664 2709 2736 2745 2747 2762 2807 2855 2876 2920 2975 3032 3036 3153 3213 3245 3350 3392 3426 3445 3483 3484 3553 3558 3589 3592 3637 3661 3703 3730 3734 3857 3862 3890 3928 3950 3975 4011 4031 4037 4124 4204 4218 4239 4249 4391 4394 4407 4460 4558 4610 4727 4781 4791 4870 4894 4946 4961 4995 5006 5027 5031 5092 5195 5223 5232 5324 5431 5451 5512 5542 
#module 2 size: 217 bs: 0.0155662
41 73 75 168 204 216 217 219 226 253 313 358 396 407 409 541 542 571 577 581 623 624 635 653 655 657 670 681 684 705 730 742 749 767 783 797 821 832 841 865 925 940 953 963 984 1004 1020 1021 1041 1049 1094 1118 1123 1246 1251 1252 1258 1294 1297 1307 1397 1447 1473 1479 1499 1531 1572 1577 1640 1681 1695 1744 1757 1772 1783 1797 1841 1920 2020 2033 2053 2068 2105 2126 2129 2151 2153 2182 2193 2220 2240 2258 2270 2305 2341 2358 2462 2602 2623 2629 2653 2657 2664 2671 2686 2687 2707 2814 2826 2870 2897 2914 2922 2924 3027 3032 3054 3122 3167 3181 3198 3199 3206 3219 3228 3238 3243 3246 3288 3373 3380 3410 3416 3430 3503 3563 3572 3596 3610 3641 3679 3708 3757 3777 3825 3827 3828 3857 3890 3901 3950 3961 3966 4012 4031 4072 4092 4094 4096 4108 4113 4123 4152 4183 4194 4218 4277 4281 4285 4404 4462 4496 4653 4691 4707 4721 4725 4727 4736 4845 4892 4901 5015 5034 5064 5070 5077 5082 5125 5136 5169 5195 5211 5215 5225 5258 5272 5342 5401 5422 5431 5434 5436 5441 5447 5464 5468 5485 5523 5531 5569 5605 5656 5671 5673 5695 5716 
#module 3 size: 225 bs: 0.0419678
3 11 20 42 81 141 142 145 146 182 191 209 215 276 430 434 459 472 506 508 542 545 548 555 556 562 616 617 632 642 643 661 664 666 672 709 720 728 771 812 826 833 843 866 895 913 916 921 926 930 941 946 958 977 1006 1053 1054 1059 1064 1081 1114 1115 1215 1219 1243 1273 1278 1279 1304 1316 1338 1357 1431 1452 1481 1488 1500 1515 1548 1563 1582 1615 1618 1621 1633 1667 1687 1713 1717 1761 1786 1798 1807 1930 1933 1963 1970 1978 1980 2004 2028 2051 2058 2063 2066 2077 2090 2094 2120 2148 2167 2205 2218 2228 2301 2331 2337 2385 2402 2450 2458 2497 2643 2658 2683 2788 2805 2826 2882 2890 2891 2983 2991 2994 3033 3064 3091 3092 3094 3095 3119 3230 3243 3344 3346 3409 3461 3472 3474 3495 3499 3504 3507 3587 3604 3611 3614 3621 3648 3686 3748 3769 3852 3861 3952 3970 3986 4024 4041 4065 4082 4172 4186 4190 4233 4265 4300 4307 4330 4337 4377 4412 4455 4470 4510 4548 4623 4668 4679 4720 4724 4792 4806 4822 4939 4947 4949 4955 4956 4961 5025 5065 5118 5128 5133 5196 5208 5227 5233 5259 5290 5328 5343 5368 5376 5449 5474 5488 5529 5557 5558 5560 5616 5724 5733 
#module 4 size: 55 bs: 1
63 224 265 267 381 468 559 690 838 852 855 939 1000 1216 1241 1269 1284 1303 1722 1801 1910 1931 1953 1982 2018 2073 2097 2158 2200 2238 2380 2403 2793 3193 3548 3550 3800 3865 4020 4021 4253 4326 4529 4708 4764 4865 5092 5140 5192 5417 5425 5466 5613 5627 5712 
#module 5 size: 28 bs: 1
222 587 624 665 692 847 1119 1234 1257 1348 1350 1755 2036 2374 2858 2963 3658 3747 3835 4059 4357 4713 4735 4833 5133 5416 5507 5650 
#module 6 size: 68 bs: 1
19 69 83 145 209 377 519 556 612 617 642 643 737 785 812 843 931 1120 1338 1452 1515 1550 1563 1569 1615 1687 1707 1812 2028 2058 2117 2157 2199 2337 2435 2630 2658 2721 2722 2733 2788 2826 2903 3155 3190 3409 3449 3461 3474 3494 3590 3648 3688 4300 4354 4668 4772 4891 4961 5065 5121 5122 5196 5286 5485 5558 5653 5702 
#module 7 size: 11 bs: 1
109 638 2032 2070 2498 2568 4388 4597 4652 5075 5660 
#module 8 size: 40 bs: 1
16 66 170 211 425 593 602 640 707 810 943 1047 1104 1186 1525 1702 1725 1734 1846 2168 2235 2511 2533 2744 2833 2958 2959 3236 3438 3773 3982 4503 5263 5359 5460 5498 5577 5578 5597 5747 
#module 9 size: 11 bs: 1
781 1262 1477 2231 2767 3255 4132 4175 4485 5443 5635 
#module 10 size: 10 bs: 1
1857 1995 2582 2720 2899 3850 4459 4544 4633 5737 
#module 11 size: 15 bs: 1
530 588 863 864 2264 3055 3465 4035 4252 4273 4571 4849 4868 5516 5719 
#module 12 size: 25 bs: 1
234 427 449 870 975 1305 1433 1485 1566 1715 1802 2128 2348 2415 2646 2676 2697 3305 3482 3911 4525 4694 4820 5134 5203 
#module 13 size: 6 bs: 1
13 2377 3298 3414 4654 4719 
#module 14 size: 5 bs: 1
53 2191 2566 4821 5766 
#module 15 size: 5 bs: 1
54 300 572 1121 4071 
#module 16 size: 6 bs: 1
77 2609 3034 3260 4824 5026 
#module 17 size: 5 bs: 1
78 356 858 3338 3442 
#module 18 size: 3 bs: 1
79 2659 2794 
#module 19 size: 7 bs: 1
90 2723 2852 3458 3639 3752 5238 
#module 20 size: 3 bs: 1
96 1631 3863 
#module 21 size: 4 bs: 1
100 262 2894 5168 
#module 22 size: 3 bs: 1
106 264 2712 
#module 23 size: 4 bs: 1
136 1140 3262 4983 
#module 24 size: 4 bs: 1
151 3780 3860 3878 
#module 25 size: 5 bs: 1
163 894 1690 1914 4588 
#module 26 size: 4 bs: 1
175 3806 4295 4649 
#module 27 size: 4 bs: 1
184 340 3005 5321 
#module 28 size: 10 bs: 1
200 281 1336 1435 2321 3053 3188 4549 4814 5740 
#module 29 size: 5 bs: 1
205 694 2436 3101 5623 
#module 30 size: 5 bs: 1
218 871 1067 1152 5143 
#module 31 size: 5 bs: 1
230 820 2542 3374 3834 
#module 32 size: 7 bs: 1
266 2155 3100 4237 5162 5212 5248 
#module 33 size: 7 bs: 1
275 1298 1643 1649 3638 4748 5303 
#module 34 size: 4 bs: 1
308 900 2904 3705 
#module 35 size: 4 bs: 1
338 2107 2688 3509 
#module 36 size: 3 bs: 1
359 1159 1427 
#module 37 size: 3 bs: 1
361 1085 3212 
#module 38 size: 6 bs: 1
362 1886 2093 3371 3397 4646 
#module 39 size: 5 bs: 1
382 1900 2534 3048 5551 
#module 40 size: 5 bs: 1
393 461 1730 2000 4139 
#module 41 size: 5 bs: 1
404 962 2239 2926 4521 
#module 42 size: 9 bs: 1
413 687 2141 2420 2628 3107 3275 3804 5217 
#module 43 size: 7 bs: 1
415 492 935 1196 2244 3151 5559 
#module 44 size: 6 bs: 1
445 923 1155 1448 1463 5071 
#module 45 size: 6 bs: 1
473 712 1072 2792 3927 4967 
#module 46 size: 4 bs: 1
474 1363 2648 5713 
#module 47 size: 7 bs: 1
484 620 1989 2261 3047 3469 4900 
#module 48 size: 5 bs: 1
546 1263 1966 1990 3403 
#module 49 size: 3 bs: 1
606 1465 2103 
#module 50 size: 3 bs: 1
622 3910 3969 
#module 51 size: 3 bs: 1
631 5385 5678 
#module 52 size: 3 bs: 1
656 3459 4242 
#module 53 size: 5 bs: 1
682 1636 2131 3283 3616 
#module 54 size: 3 bs: 1
688 2393 4151 
#module 55 size: 3 bs: 1
738 1861 2893 
#module 56 size: 5 bs: 1
743 961 4405 4963 5216 
#module 57 size: 3 bs: 1
750 1075 2457 
#module 58 size: 3 bs: 1
766 1854 2166 
#module 59 size: 3 bs: 1
775 1670 3725 
#module 60 size: 10 bs: 1
789 886 1532 2615 2691 2759 3182 3496 3673 4283 
#module 61 size: 4 bs: 1
815 2280 3608 4355 
#module 62 size: 4 bs: 1
825 3617 5130 5383 
#module 63 size: 6 bs: 1
831 2334 3037 3185 3286 3795 
#module 64 size: 5 bs: 1
860 893 986 2289 4495 
#module 65 size: 5 bs: 1
876 3000 3001 4896 5138 
#module 66 size: 3 bs: 1
877 1302 4089 
#module 67 size: 5 bs: 1
884 2799 2901 4481 4482 
#module 68 size: 3 bs: 1
891 3609 5528 
#module 69 size: 7 bs: 1
905 1022 1236 3316 3583 4414 5467 
#module 70 size: 3 bs: 1
907 2984 4207 
#module 71 size: 3 bs: 1
920 2137 4657 
#module 72 size: 5 bs: 1
968 1683 2012 3783 4515 
#module 73 size: 3 bs: 1
985 1177 4923 
#module 74 size: 3 bs: 1
995 2179 3739 
#module 75 size: 3 bs: 1
999 2237 4177 
#module 76 size: 4 bs: 1
1008 2631 4681 5456 
#module 77 size: 3 bs: 1
1015 1686 2699 
#module 78 size: 5 bs: 1
1023 3176 3226 4550 4912 
#module 79 size: 4 bs: 1
1033 1701 2295 4222 
#module 80 size: 3 bs: 1
1035 4590 5003 
#module 81 size: 5 bs: 1
1045 1535 1709 3189 4302 
#module 82 size: 3 bs: 1
1055 1058 4984 
#module 83 size: 4 bs: 1
1099 3568 3728 4493 
#module 84 size: 3 bs: 1
1136 1747 2820 
#module 85 size: 3 bs: 1
1184 1494 4540 
#module 86 size: 3 bs: 1
1207 4235 4490 
#module 87 size: 3 bs: 1
1208 3813 5339 
#module 88 size: 5 bs: 1
1217 1881 2274 2553 5008 
#module 89 size: 4 bs: 1
1233 2176 2854 4664 
#module 90 size: 7 bs: 1
1266 1507 1691 2424 3389 4003 5139 
#module 91 size: 3 bs: 1
1270 2447 3799 
#module 92 size: 4 bs: 1
1293 2215 4271 5524 
#module 93 size: 5 bs: 1
1326 1767 3643 4163 4432 
#module 94 size: 3 bs: 1
1356 1776 4723 
#module 95 size: 3 bs: 1
1443 1791 5432 
#module 96 size: 3 bs: 1
1487 5348 5744 
#module 97 size: 7 bs: 1
1559 2109 2911 2948 3839 4211 5754 
#module 98 size: 3 bs: 1
1589 2197 4690 
#module 99 size: 3 bs: 1
1625 2414 5144 
#module 100 size: 6 bs: 1
1666 2142 2578 2580 4541 4794 
#module 101 size: 3 bs: 1
1682 1897 2504 
#module 102 size: 3 bs: 1
1706 1955 5691 
#module 103 size: 7 bs: 1
1758 2428 3510 4527 4532 4574 5743 
#module 104 size: 10 bs: 1
1828 2494 2520 2886 3581 3755 3985 4093 5421 5679 
#module 105 size: 3 bs: 1
1887 3220 4409 
#module 106 size: 5 bs: 1
1892 2056 2159 4360 4629 
#module 107 size: 5 bs: 1
1997 2668 3242 3317 5347 
#module 108 size: 4 bs: 1
2149 2910 3684 3754 
#module 109 size: 7 bs: 1
2180 3244 3843 4756 5100 5316 5479 
#module 110 size: 3 bs: 1
2217 4595 5367 
#module 111 size: 5 bs: 1
2232 2326 3388 5157 5198 
#module 112 size: 3 bs: 1
2275 2401 3718 
#module 113 size: 5 bs: 1
2390 2493 3418 4084 4441 
#module 114 size: 3 bs: 1
2430 4937 5243 
#module 115 size: 3 bs: 1
2444 2957 3072 
#module 116 size: 3 bs: 1
2571 4217 4848 
#module 117 size: 3 bs: 1
2754 5219 5647 
#module 118 size: 5 bs: 1
2955 4436 4861 5204 5493 
#module 119 size: 4 bs: 1
3067 4023 4328 5059 
#module 120 size: 5 bs: 1
3130 3569 3690 5285 5657 
#module 121 size: 3 bs: 1
3269 4458 5420 
#module 122 size: 3 bs: 1
3352 3434 5606 
#module 123 size: 4 bs: 1
3432 3872 4823 5160 
#module 124 size: 3 bs: 1
3597 4191 4198 
#module 125 size: 3 bs: 1
3625 4834 4945 
#module 126 size: 6 bs: 1
3627 4081 4750 4803 4981 5049 
#module 127 size: 3 bs: 1
3990 4294 4618 
#module 128 size: 3 bs: 1
4067 4396 5011 
#module 129 size: 3 bs: 1
4318 5185 5400 
#module 130 size: 5 bs: 1
1792 2320 2726 3291 4816 
#module 131 size: 1 bs: 1
1078 
#module 132 size: 1 bs: 1
1428 
#module 133 size: 1 bs: 1
1237 
#module 134 size: 1 bs: 1
2760 
#module 135 size: 1 bs: 1
2319 
#module 136 size: 1 bs: 1
3707 
