G.add_edges_from([(1, 2), (1, 3), (1, 4), (1, 5), (1, 6),
                  (2, 1), (2, 3), (2, 4), (2, 5), (6, 2), (6, 7),
                  (7, 2), (7, 6),
                  (8, 2), (8, 6), (8, 9), (8, 10),
                  (9, 8), (9, 6), (9, 7), (9, 10)])
                  
parition:
best partion, with minimial conductances Motifs 7

S:

[1, 5, 3, 4, 2]
Sbar
[7, 6, 8, 9, 10]

[ 1.        ]
 [ 0.75      ]
 [ 0.6       ]
 [ 0.5       ]
 [ 0.125     ]
 [ 0.14285714]
 [ 0.2       ]
 [ 0.66666667]
 [ 1.        ]
 [        nan]]

order: [ 1 5 3 4 2  7 6 8 9 10]



 [(1,1.),(2,0.75),(3,0.6),(4,0.5),(5,0.125),(6,0.143),(7,0.2),(8,0.667.),(9,1.),(10,nan)]
 
 # treat nan as 1
 
