G.add_edges_from([(1,2),(1,3),(1,4),(1,5),(1,6),
                  (2,1),(2,3),(2,4),(2,5),(3,5),(5,12),(12,5),(12,2),(12,7),(7,12),(6,2),(6,7),
                  (7,2),(7,6),
                  (8,2),(8,6),(8,9),(8,10),(11,8),(11,10),(10,11),
                  (9,8),(9,6),(9,7),(9,10)])
                  
                  
parition:
Best partition with Motif M 2
S
[12, 2, 1, 3, 4, 7, 9, 6, 5]
Sbar
[8, 11, 10]

order: [ 12  2  1  3  4  7  9  6  5  8  11  10]

 [(1,1.),(2,0.67),(3,0.5),(4,0.5),(5,0.5),(6,0.5),(7,0.5),(8,0.25),(9,0.),(10,0.5),(11,1.),(12,nan)]
 
 * I treated 'nan' as '1' for the last one, like the matlab code and the paper did.
 
