Source Target Weight
1269 1269 1
1693 1683 1
992 1017 1
131 298 1
1552 1666 1
740 955 1
1839 1823 1
1576 1577 1
1551 1571 1
1215 1213 1
1518 1519 1
217 239 1
1506 1487 2
302 302 1
1278 1280 1
1035 1072 1
299 298 2
928 885 1
174 176 1
838 861 1
855 849 1
306 472 1
1261 1411 1
989 1003 2
1799 1804 1
1822 1834 1
818 818 1
3 3 2
1634 1678 1
1078 1089 1
1535 1535 14
127 138 1
841 849 1
1358 1372 1
1932 1934 1
1569 1612 1
564 565 1
615 617 1
1368 1350 1
1149 1172 1
853 855 1
1337 1350 1
1319 1319 23
1634 1633 1
1044 1056 1
1086 1099 1
308 298 1
219 298 1
1411 1417 1
1430 1447 2
1129 1233 1
95 98 2
777 850 1
685 713 1
465 475 1
1591 1592 1
780 790 1
1320 1328 1
1125 1125 30
554 554 2
1735 1772 1
1808 1813 1
740 740 1
1015 1015 6
1019 1030 1
1001 1015 1
447 428 1
237 238 1
656 667 1
1020 1025 1
1711 1714 1
530 531 1
497 494 1
353 353 23
1812 1808 1
1682 1694 1
1383 1393 1
1239 1214 1
348 348 1
13 13 2
931 941 1
325 326 1
1174 1178 1
1430 1487 1
1607 1607 2
27 27 6
1243 1233 1
1555 1580 1
1081 1208 1
1541 1537 1
1196 1193 1
75 102 1
340 342 1
1110 1108 1
564 580 2
1363 1340 1
634 609 2
1648 1668 1
598 603 1
432 350 1
710 714 1
968 970 1
1506 1719 1
990 988 1
962 976 1
1463 1469 1
657 654 1
1615 1615 42
1711 1723 2
671 613 1
861 1202 1
792 796 1
1770 1735 1
1073 1469 1
756 776 1
1595 1562 1
731 785 1
1214 1215 3
627 621 1
601 606 1
701 875 1
1381 1410 1
815 783 1
1243 1238 1
1756 1752 1
428 405 1
1646 1628 1
1775 1797 1
731 731 1
1731 1750 1
917 1174 1
1174 1292 1
1601 1552 1
901 903 2
1202 1211 3
425 425 1
885 995 1
1050 1044 1
1178 1182 1
488 882 1
1171 1197 1
664 672 1
1123 1147 1
97 95 1
372 396 1
1867 1867 1
1683 1683 35
174 197 1
1823 1867 1
1615 1620 1
1653 1665 1
1172 1172 1
13 3 1
863 858 1
1330 1352 1
1092 1082 1
1329 1368 1
850 851 1
797 781 1
911 1172 1
155 165 3
1774 1731 1
1930 1931 1
221 235 1
1560 1695 1
1486 1494 1
753 754 1
55 115 1
1147 1153 1
1811 1821 1
187 187 2
206 197 1
209 197 2
1357 1571 1
1132 1177 1
1789 1860 1
508 501 1
115 123 2
1454 1461 1
846 846 2
596 594 1
1620 1620 1
319 319 2
104 111 1
678 692 1
1479 1486 2
940 940 1
492 494 1
1638 1638 3
1412 1413 1
1808 1822 8
1434 1434 1
446 446 1
1915 1932 1
7 7 1
302 332 1
1391 1414 1
215 197 1
638 639 1
823 834 1
475 479 1
627 714 1
1909 1927 1
353 372 5
1787 1789 1
962 967 1
1739 1735 2
513 513 1
193 224 1
714 714 26
749 750 1
553 584 1
1430 1488 1
1012 1003 1
767 767 8
1552 1622 1
1210 1243 2
1775 1800 1
1646 1646 17
512 521 1
272 551 1
71 72 1
1232 1232 1
805 805 1
650 651 1
1506 1497 1
1282 1269 1
1479 1479 4
1640 1641 1
493 497 1
1801 1872 1
1007 1021 1
976 981 1
153 175 1
1722 1735 1
372 402 1
1724 1722 1
1447 1486 2
1376 1399 1
1172 1178 1
1233 1320 1
1391 1399 1
966 957 1
1237 1243 1
1238 1243 2
31 32 1
476 470 1
268 414 1
320 397 1
155 179 1
232 244 1
1138 1127 1
648 648 1
560 564 4
1308 1299 1
55 65 1
1157 1174 1
428 428 8
1073 1073 43
944 903 1
1719 1721 1
1537 1506 3
372 397 4
38 94 1
1391 1560 1
1889 1881 1
119 179 1
861 862 1
1 13 1
1709 1711 1
1383 1383 1
1623 1634 1
484 483 1
649 650 1
1088 1097 1
1884 1903 1
690 691 1
623 659 1
1189 1174 1
657 646 1
1506 1509 2
805 823 1
453 1122 1
1132 1911 1
1105 1476 1
573 573 1
1734 1875 1
1641 1642 1
1493 1531 1
779 785 1
1700 1731 1
669 669 4
411 846 1
1726 1859 1
922 954 1
471 471 2
1450 1487 1
1169 1175 1
1304 1304 1
920 1890 1
1721 1711 1
1294 1295 1
1132 1143 1
1625 1655 1
1353 1384 1
592 651 1
1430 1506 1
663 671 2
477 488 1
1571 1603 1
944 958 1
998 992 1
1445 1486 1
1407 1627 1
163 169 1
219 260 1
8 38 1
1073 1211 1
1909 1909 12
816 824 1
217 222 4
673 783 1
805 816 1
1620 1621 1
883 884 1
1427 1789 1
351 400 1
850 932 1
1424 1463 1
1193 1149 1
1378 1628 1
1683 1711 2
997 1268 1
1809 1809 12
783 841 1
184 203 1
20 21 1
1691 1692 1
1826 1828 1
1057 1044 3
1333 1881 1
135 142 1
372 372 27
1900 1902 1
909 931 1
252 253 1
1299 1319 2
1832 1826 1
114 114 1
1506 1547 5
1447 1447 14
1385 1386 1
1571 1567 4
922 933 1
280 280 1
1097 1086 1
627 654 1
614 824 1
1889 1899 1
1335 1336 1
1431 1479 1
869 869 1
240 241 1
1402 1365 1
996 1001 1
1510 1492 1
173 174 2
330 330 36
1120 1171 1
927 1082 1
1462 1518 1
678 675 1
880 886 1
1055 1026 1
1902 1911 1
1424 1454 1
7 730 1
943 943 1
929 927 1
241 272 1
272 272 63
917 917 1
1552 1571 13
575 581 1
1351 1351 2
1406 1405 1
1459 1467 1
1000 1001 1
1726 1756 1
306 310 1
343 352 1
1469 1472 1
589 584 1
1636 1634 1
1789 1775 2
116 174 1
957 944 1
1497 1495 1
961 962 1
1378 1399 1
547 547 1
581 575 1
1817 1822 1
1889 1900 1
841 847 1
1896 1889 1
1324 1351 1
1597 1580 1
1933 1936 1
1271 1321 1
1860 1869 1
93 94 1
1205 1220 1
414 453 2
655 658 1
766 766 7
692 709 1
1153 1149 2
1560 1579 1
1272 1268 1
1144 1141 1
55 135 1
862 870 1
1823 1862 1
426 414 1
331 331 1
1740 1742 1
356 360 1
298 691 1
1615 1598 1
1005 1007 1
1321 1333 1
1391 1430 1
823 841 2
314 299 1
668 654 1
1066 1073 3
545 861 1
1351 1340 1
1315 1319 2
1665 1664 1
580 592 1
1726 1735 1
1615 1711 3
161 180 1
315 315 3
654 655 1
1232 1264 1
931 928 1
215 221 1
1638 1684 1
1181 1193 1
139 154 1
1117 1132 1
287 287 1
1521 1506 1
1524 1532 1
1270 1319 1
1034 1044 1
115 119 1
871 871 1
1297 1809 1
1038 1021 1
321 319 1
1259 1264 2
1871 1883 1
1195 1225 1
894 896 1
1104 1097 1
1541 1506 1
118 115 1
1486 1507 1
66 109 1
1241 1243 2
877 880 1
1117 1464 1
1726 1726 2
1489 1488 1
1037 1037 3
761 746 1
1388 1711 1
1666 1683 1
709 709 1
322 306 1
919 920 1
217 24 1
1500 1552 1
950 944 1
893 901 2
1443 1453 1
205 188 1
1140 1212 1
1750 1735 1
1458 1458 1
1737 1822 1
748 823 1
1066 1078 1
1160 1167 1
697 663 1
824 1365 1
1230 1244 1
898 861 1
721 723 1
1878 1880 1
1013 992 1
1435 1493 1
1387 1385 1
1282 1300 1
823 814 1
494 494 14
130 643 1
180 178 1
1822 1875 1
887 888 1
1018 1017 1
233 327 1
1889 1941 1
1244 1343 1
470 471 1
458 458 1
574 579 1
1174 1215 2
1771 1794 1
1046 1046 1
1822 1879 1
1097 1097 53
1250 1252 1
428 453 1
1809 1813 1
483 489 1
1280 1253 1
35 38 1
236 272 1
809 805 1
330 335 2
1571 1595 1
1289 1292 1
1033 1059 1
185 276 1
488 503 1
824 828 1
1134 1151 1
1159 1190 1
1365 1373 1
472 467 1
849 852 1
1182 1174 1
1878 1875 1
1149 1125 1
522 533 1
671 663 3
1925 1915 1
1193 1202 1
306 309 1
1003 1021 1
881 910 1
1174 1141 1
257 258 1
707 707 1
597 603 1
1205 1271 1
861 890 1
103 166 1
1870 1874 1
714 691 1
127 145 1
849 854 1
421 422 1
1850 1822 1
499 1251 1
1470 1509 1
1183 1150 1
1149 1167 2
504 501 1
394 380 1
584 591 1
1634 1626 1
1397 1434 1
235 233 1
534 536 1
1129 1268 1
60 61 1
1097 1174 1
298 301 1
852 916 1
376 378 1
980 992 1
1319 1683 1
1086 1087 1
1032 1041 1
774 780 1
1182 1177 1
647 680 1
488 507 1
579 581 1
671 668 1
1299 1301 1
748 751 1
1615 1645 1
1742 1744 1
808 812 1
952 977 1
972 999 1
457 463 1
1419 1411 1
1502 1571 1
1902 1889 1
344 344 10
1875 1876 1
1726 1808 1
1226 1210 1
505 505 1
1022 1023 1
1396 1391 1
1487 1509 2
607 607 3
1291 1286 1
331 397 1
429 977 1
902 905 1
482 486 1
1366 1304 1
322 287 1
1044 1044 119
515 564 1
1047 1065 1
40 41 1
494 513 1
922 934 1
7 42 1
1725 1730 1
1622 1560 1
1032 1048 1
1607 1664 1
1275 1275 1
1861 1890 1
1290 1226 1
1072 1218 1
1075 1076 1
1466 1481 1
288 322 1
1561 1562 1
783 779 1
1487 1542 1
1234 1254 1
1196 1223 1
24 1 1
1215 1219 1
536 528 1
851 1003 1
582 580 2
1796 1863 1
732 772 1
127 135 1
1487 1506 2
293 294 1
575 623 1
962 940 1
564 554 1
396 397 6
412 404 1
1191 1200 1
714 564 1
1004 1003 1
1735 1728 1
1174 1377 1
754 766 1
1403 1411 1
1789 1840 1
678 707 1
1685 1857 1
604 636 1
1066 1066 47
1461 1462 2
1763 1764 1
1525 1495 1
1547 1547 14
1801 1801 1
938 988 1
773 782 1
1861 1864 1
522 526 1
1595 1615 1
169 170 1
49 182 1
1240 1333 1
15 16 1
1711 1711 37
695 690 1
1040 1032 1
722 748 1
473 477 1
209 209 5
545 592 1
1215 1241 1
981 982 2
513 527 1
127 140 1
354 335 1
1601 1683 1
1909 1939 1
1509 1525 1
1571 1606 1
467 476 1
560 560 9
1076 1073 1
1682 1716 1
1670 1861 1
431 433 1
566 564 1
608 603 1
716 724 1
119 527 1
1411 1411 29
21 27 1
95 100 1
80 126 1
1453 1487 1
464 477 1
1506 1688 1
1590 1582 1
1428 1447 1
1480 1480 5
1711 1735 4
1716 1734 1
953 984 1
669 678 1
1343 1468 1
123 161 1
178 195 1
783 793 2
626 623 1
1486 1497 1
1826 1826 5
793 793 2
792 783 1
1215 1265 1
315 322 1
446 447 1
1446 1430 1
434 415 1
931 935 1
767 766 2
1694 1694 3
1107 1108 1
1627 1728 1
1571 1615 7
885 879 1
209 215 1
483 483 1
564 568 1
117 117 1
1044 1057 5
511 520 1
754 752 1
901 916 3
1337 1411 1
1453 1480 1
1351 1552 1
527 534 3
1833 1836 1
1368 1368 1
1506 1479 3
438 439 1
1735 1775 7
773 777 1
61 62 1
316 298 1
1388 1388 1
174 184 4
1243 1267 1
1449 1469 1
1299 1321 1
937 956 1
275 278 1
989 995 1
497 493 1
302 582 1
1714 1714 2
1134 1149 3
734 736 1
766 752 1
322 701 1
775 861 1
931 940 2
1723 1723 2
860 861 1
311 299 1
184 188 2
1564 1571 1
1637 1637 1
691 706 1
393 395 1
1908 1897 1
608 617 1
716 714 1
790 1022 1
807 808 1
1736 1722 1
573 592 1
1343 1409 1
1073 1125 1
783 823 4
816 816 7
945 969 1
1871 1890 1
529 522 1
215 235 1
1711 1749 1
1044 1066 4
424 617 1
1037 1105 1
1400 1411 1
740 748 1
88 75 1
1153 1214 1
1313 1273 1
1711 1722 1
1317 1317 2
551 1716 1
510 524 1
1068 1071 1
989 1032 1
979 976 1
1533 1545 1
1628 1628 3
1463 1480 3
786 788 1
427 424 1
39 298 1
350 350 1
243 256 1
597 617 3
1165 1141 1
1368 1365 1
1369 1368 1
85 88 1
1617 1657 1
1646 1634 2
1480 1497 1
731 730 1
1713 1715 1
1142 1143 1
1621 1621 2
1232 1215 3
1926 1926 1
1609 1634 1
596 596 5
1849 1849 1
816 823 1
1683 1775 1
780 773 1
165 173 1
491 494 1
627 623 1
1808 1816 1
1753 1782 1
405 397 1
1254 1381 1
1512 1506 1
870 883 1
264 270 1
1391 1400 1
106 132 1
1211 1262 1
714 778 1
915 903 1
937 963 1
800 783 1
624 654 1
1 153 1
1351 1381 1
300 305 1
1628 1627 1
1811 1831 1
1762 1775 1
1535 1539 1
724 748 1
1487 1487 6
607 673 1
106 114 1
1861 1860 1
885 890 1
1224 1218 1
1080 1095 1
121 127 1
1537 1549 1
39 39 4
1766 1731 1
1411 1535 1
886 893 1
1440 1444 1
76 75 1
466 469 1
243 251 1
485 477 1
1635 1646 1
1923 1925 1
415 412 1
1705 1706 1
1130 1130 1
1381 1388 1
1594 1571 1
1239 1239 1
303 321 1
1852 1826 1
1668 1708 1
823 879 1
1103 1097 1
222 228 1
1275 1282 1
1903 1903 1
1082 1251 1
1797 1823 1
342 343 1
1299 1299 16
1021 1032 4
1486 1502 1
739 741 1
590 708 1
1012 1012 1
1879 1864 2
1352 1353 1
1571 1552 4
1646 1647 1
638 645 2
363 376 1
1731 1735 2
383 384 1
931 976 1
365 365 1
903 916 2
1399 1406 1
798 1274 1
506 506 1
1447 1458 1
1670 1638 1
1152 1149 1
580 617 1
1210 1210 4
970 972 1
493 496 1
298 302 1
239 252 1
1735 1747 1
617 619 1
153 174 1
335 359 1
1149 1134 1
1600 1571 1
1407 1407 2
1172 1179 1
1726 1728 1
1644 1646 2
1915 1909 2
135 155 2
523 962 1
943 937 1
1718 1711 1
303 319 1
1890 1889 2
907 922 1
1723 1735 3
1522 1523 1
648 647 1
1177 1466 1
556 573 1
1316 1695 1
1775 1808 3
723 714 1
955 955 1
1794 1820 1
730 783 1
192 597 1
1814 1817 1
397 407 1
881 870 1
861 861 32
515 525 1
1357 1411 1
633 627 1
461 453 1
1223 1202 1
651 669 1
1728 1728 1
1541 1615 1
1506 1506 65
35 49 1
184 212 1
1735 1736 1
1055 1055 1
1472 1463 1
1350 1368 1
779 784 1
592 661 1
528 528 1
1003 1003 8
786 783 1
165 165 1
1414 1450 1
184 197 3
458 428 1
953 1132 1
818 816 1
1552 1590 1
1722 1726 2
1287 1299 1
1628 1626 1
322 303 1
1559 1552 1
1907 1930 1
1406 1430 1
1215 1232 2
1468 1478 1
1857 1823 2
1879 1886 1
197 235 1
1859 1859 1
1318 1340 1
414 488 1
1464 1487 1
1433 1447 2
254 235 1
256 267 1
1909 1919 1
1271 1281 1
1182 1200 1
933 931 1
1755 1756 1
1003 1044 1
654 645 1
271 268 1
1837 1826 1
1882 1911 1
1174 1172 2
106 115 2
1804 1799 1
608 740 1
1215 1174 1
1775 1791 1
714 748 3
1003 992 2
344 355 1
966 983 1
1637 1633 1
222 217 4
701 751 1
1751 1752 1
1819 1826 1
409 412 1
1359 1369 1
1070 1066 1
545 536 1
233 251 1
1890 1907 1
987 987 1
180 184 1
1506 1544 1
1213 1343 1
1385 1385 1
1093 1080 1
333 347 1
921 1242 1
687 683 1
1558 1559 1
984 972 1
1482 1506 1
1813 1809 1
988 1004 1
1306 1299 1
1141 1144 1
1347 1357 1
1480 1445 1
1415 1411 2
10 196 1
191 210 1
1094 1094 1
1027 1024 1
396 396 11
1067 1120 1
1678 1690 1
98 99 1
1274 1416 1
1405 1411 1
466 558 1
781 783 1
785 783 2
471 484 1
917 916 1
204 174 1
1370 1376 1
155 153 2
1064 1023 1
927 945 1
137 139 1
603 609 1
38 45 1
1735 1937 1
1343 1343 1
189 207 1
960 961 1
582 777 1
362 350 1
1639 1615 1
1547 1566 1
842 938 1
347 344 1
823 981 1
1202 1202 43
973 1050 1
667 710 1
299 477 1
191 219 1
1367 1486 1
1193 1215 1
980 1003 1
1032 1050 1
783 809 1
1214 1299 1
623 627 1
2 14 1
1500 1501 2
793 809 1
370 353 1
1149 1085 1
334 331 1
617 621 2
127 149 1
23 3 1
1005 1006 1
861 927 1
55 55 55
191 191 3
1057 1061 1
1552 1563 1
899 899 1
1243 1259 3
1315 1318 1
1132 1117 1
1726 1732 1
1002 1021 1
548 545 1
1154 1156 1
453 488 1
1909 1941 1
1250 1264 1
43 43 1
1866 1867 1
890 890 2
11 2 1
1204 1204 1
1816 1818 1
1541 1624 1
1748 1735 1
256 272 4
1890 1912 1
408 417 1
191 192 1
888 875 1
912 903 1
1501 1501 2
692 717 1
1233 1267 1
623 632 1
1927 1935 1
1032 1042 1
809 813 1
884 885 1
1526 1535 1
102 102 2
317 298 1
193 303 1
1544 1547 1
430 428 1
178 189 1
87 85 1
447 505 1
1317 1337 1
1582 1571 1
1177 1205 1
1441 1434 1
1552 1554 1
406 405 1
1217 1215 1
1243 1248 1
1041 1043 1
697 756 1
184 178 2
1245 1246 1
1638 1738 1
38 95 2
1127 1127 1
1879 1890 1
1271 1268 1
99 95 1
1495 1486 1
946 947 1
597 1552 1
1889 1917 1
715 716 1
436 430 1
256 279 1
879 1073 1
849 850 1
115 127 3
551 570 1
233 233 1
414 1225 1
1189 1202 1
1631 1631 2
662 627 1
423 415 1
580 597 4
1662 1663 1
1255 1243 1
1090 1091 1
1172 1552 1
12 12 2
659 648 1
1122 1126 1
1256 1255 1
314 314 21
868 869 1
1085 1151 1
545 548 1
1273 1305 1
1775 1860 1
640 683 1
1795 1737 1
364 350 1
365 360 1
1738 1760 1
663 699 2
298 1437 1
729 1073 1
945 946 1
1547 1541 1
1357 1369 1
1864 1888 1
640 645 1
75 58 1
1491 1486 1
522 530 1
281 282 1
819 841 1
1615 1639 1
486 493 1
306 306 3
722 714 1
511 511 4
153 157 2
1167 1174 2
513 522 1
430 446 1
1545 1506 1
1026 1026 2
127 144 1
627 645 1
757 766 1
131 127 1
1273 1275 1
1200 1205 1
1000 1042 1
673 711 1
157 153 1
928 944 1
1319 1341 1
1779 1780 1
1416 1636 1
751 748 1
1064 1065 1
1430 1433 2
477 477 37
1215 1243 6
298 298 11
111 112 1
1113 1240 1
1935 1941 1
563 580 1
824 1167 1
90 95 2
1035 1032 1
1089 1136 1
588 580 1
627 643 1
1319 1329 1
1182 1182 4
299 313 2
1206 1247 1
448 450 1
798 813 1
1615 1644 1
1561 1552 1
783 781 1
1391 1390 1
1067 1093 1
1268 1301 2
580 582 1
1539 1547 1
1259 1263 1
1333 1359 1
123 134 1
235 494 1
127 153 4
1506 1615 1
477 527 1
683 691 4
1071 1073 1
636 794 1
301 300 1
1149 1159 1
893 893 1
1617 1628 1
1280 1268 1
1004 1005 1
770 744 1
492 519 1
1092 1160 1
24 217 1
846 1601 1
200 200 1
691 931 1
377 372 1
1490 1496 1
488 486 1
415 437 1
1214 1214 2
916 909 1
1680 1681 1
1571 1890 1
53 55 1
1337 1330 1
154 161 1
839 840 1
360 363 1
1682 1682 1
931 962 1
551 569 1
272 673 1
1782 1833 1
1329 1337 2
1823 1826 4
337 506 1
1792 1793 1
1629 1743 1
907 908 1
1695 1726 1
1396 1399 1
1277 1333 1
1358 1360 1
1127 1829 1
1822 1822 22
973 974 1
1146 1149 1
1111 1111 1
84 75 1
505 506 1
381 397 1
1379 1382 1
1785 1775 1
537 527 1
573 580 1
1508 1492 1
1337 1451 1
587 587 2
144 127 1
1251 1261 1
1252 1253 1
238 217 1
916 916 37
903 918 1
1626 1628 1
506 508 1
522 527 1
12 587 1
916 922 1
626 629 1
511 512 1
609 641 1
307 307 1
1345 1333 1
671 752 1
852 889 1
1487 1492 1
1039 1035 1
1414 1414 2
1426 1435 1
1767 1735 1
1226 1628 1
1463 1472 1
1645 1646 1
1134 1134 5
614 663 1
1879 1879 6
928 937 1
563 554 1
1337 1347 2
654 663 1
242 249 1
453 446 1
227 1003 1
1856 1856 1
1723 1726 1
614 614 1
7 27 1
1683 1809 1
1737 1792 1
1044 1003 1
1635 1653 1
489 490 1
453 545 1
879 902 1
382 383 1
1855 1859 1
379 372 1
1499 1499 4
1028 1020 1
783 792 2
678 744 1
1174 1092 1
1581 1582 1
1509 1506 1
894 901 1
35 13 1
1215 1264 2
1822 1832 1
1351 1401 1
1776 1782 1
1628 1615 1
1301 1290 1
714 724 1
1118 1118 2
1010 1032 1
1447 1430 1
117 115 1
847 848 1
1720 1723 1
350 365 1
1631 1678 1
1299 1292 1
928 928 2
1337 1348 1
1797 1867 1
892 892 1
1227 1215 1
1431 1430 1
861 895 1
1411 1419 1
636 673 1
1193 1193 17
813 817 1
1399 1429 1
1677 1697 1
766 787 1
730 730 1
931 881 1
415 416 1
728 729 1
1 95 2
1560 1561 1
1400 1405 1
336 330 1
944 950 2
1391 1397 1
1376 1389 1
1399 1399 1
1542 1543 1
1786 1791 1
937 976 1
989 994 1
1615 1626 1
256 251 3
850 863 2
524 522 1
501 492 1
1883 1884 1
27 50 1
714 735 1
654 678 2
1288 1472 1
223 254 1
1700 1700 1
606 608 1
885 887 1
944 925 1
272 299 1
1440 1447 1
1728 1746 1
922 955 1
1337 1357 4
287 333 1
1044 1065 1
824 823 1
568 598 1
274 511 1
679 683 1
114 766 1
1380 1438 1
1017 1015 1
453 487 1
1300 1273 1
413 413 1
397 568 1
490 490 1
491 488 1
697 709 1
1357 1391 2
1735 1767 1
1805 1819 1
1437 1470 1
501 580 1
1746 1889 1
942 1644 1
1081 1173 1
678 794 1
823 792 1
863 863 1
627 766 1
989 1019 1
477 494 3
1695 1670 1
1567 1629 1
501 501 21
1150 1187 1
1192 1174 1
1301 1308 1
714 710 1
1172 1150 1
1143 1117 1
272 289 3
789 777 1
1309 1324 1
1172 1193 1
25 1 1
652 653 1
228 536 1
272 357 1
428 407 1
1537 1547 1
708 708 1
219 330 1
373 373 1
1547 1571 1
861 881 1
1226 1226 1
1430 1463 1
901 901 64
1626 1665 1
1001 1005 1
596 597 1
879 912 1
1867 1890 2
1141 1307 1
945 961 1
1060 1118 1
1633 1683 1
937 945 1
1503 1497 1
1056 1065 1
115 55 1
1834 1834 1
1151 1151 1
1434 1442 1
1153 1147 1
931 972 1
1172 1174 1
1097 1092 2
456 428 1
937 962 6
811 809 1
701 714 1
615 627 1
850 849 2
1903 1889 1
45 38 1
300 306 1
836 823 1
1670 1670 1
1615 1735 1
1487 1486 1
1523 1524 1
985 1233 1
1453 1441 1
1497 1520 1
1333 1455 1
397 453 1
330 338 1
287 307 1
509 511 1
1143 1143 6
1430 1541 1
289 353 1
494 556 1
1105 1149 1
1803 1805 1
450 440 1
1775 1809 1
967 968 1
1906 1908 1
73 76 1
532 528 1
1665 1890 1
1808 1808 29
701 850 1
1643 1643 2
1042 1039 1
1153 1153 3
858 867 1
819 846 1
43 35 1
1107 1615 1
1175 1184 1
521 516 1
1411 1415 1
663 1420 1
463 654 1
1621 1634 1
764 774 1
357 424 1
903 879 1
1225 1258 1
1021 1031 1
1469 1469 1
1364 1364 4
1117 1213 1
1772 1773 1
661 1083 1
1073 1086 1
335 447 1
1847 1826 1
1348 1357 1
1791 1787 1
1700 1711 1
1390 1551 1
235 251 2
254 254 2
1223 1223 1
1343 1367 1
1596 1720 1
95 64 1
298 604 1
976 989 1
1417 1415 1
1031 1044 1
1015 1029 1
766 783 1
1654 1656 1
51 38 1
1487 1552 2
397 494 1
592 616 1
58 60 1
442 444 1
243 248 1
1350 1337 1
1017 1044 1
1003 1013 1
289 299 2
825 790 1
38 174 1
1141 1166 1
1056 1050 1
1058 1055 1
1138 1125 1
927 965 1
1749 1731 1
1727 1787 1
934 953 1
1862 1890 1
1385 1406 1
1552 1615 2
298 346 1
467 428 1
1562 1565 1
513 511 1
1520 1522 1
397 404 1
1686 1694 1
397 406 1
1141 1141 1
1864 1879 1
580 740 1
869 914 1
1032 1034 1
1924 1914 1
568 568 4
1106 1107 1
493 488 1
841 805 1
746 747 1
95 222 1
1215 1205 2
1218 1275 1
1860 1895 1
138 127 1
1045 1044 1
503 549 1
197 197 38
552 545 1
55 43 1
1340 1340 7
1695 1711 1
1861 1862 1
691 697 1
1809 1846 1
621 637 1
251 254 2
881 901 1
1630 1727 1
942 1571 1
1469 1487 1
1447 1448 1
1928 1914 1
1571 1560 2
944 944 1
174 181 1
284 299 1
1404 1456 1
1065 1090 1
397 399 1
1821 1834 1
153 176 2
1743 1743 1
256 268 2
536 569 1
1255 1363 1
371 1890 1
903 901 3
596 617 1
1140 1227 1
372 371 1
979 1280 1
1280 1287 2
396 406 1
1315 1315 15
1730 1735 1
1910 1913 1
1195 1201 1
1164 1249 1
1215 1202 1
1743 1771 1
501 545 1
1016 1019 1
40 44 1
1463 1463 39
471 477 1
1071 1086 1
289 293 1
1716 1716 1
755 748 1
222 222 21
1057 1066 1
1423 1424 1
907 973 1
1890 1904 1
1209 1195 1
114 119 1
55 81 1
1285 1286 1
1879 1878 1
1492 1492 10
922 931 3
1752 1754 1
1546 1544 1
843 843 1
1186 1229 1
1889 1891 1
106 118 2
1351 1357 1
1414 1403 1
1324 1354 1
849 878 1
1536 1506 1
188 184 2
1019 1021 1
856 936 1
1664 1685 1
195 195 2
641 634 1
940 937 1
101 43 1
1122 1259 1
93 117 1
1823 1823 9
1881 1882 1
1167 1213 1
528 527 1
1737 1727 1
164 174 1
1579 1716 1
179 298 1
1414 1422 1
1560 1621 1
861 901 4
55 57 1
850 876 1
597 615 1
1178 1178 1
403 403 1
1911 1919 1
1000 1003 2
621 623 2
584 597 1
565 564 2
396 824 1
1033 1034 1
1506 1536 1
1267 1378 1
1474 1475 1
1052 1019 1
43 53 1
1859 1840 1
815 819 1
338 341 1
673 683 3
1780 1785 1
1743 1745 1
1481 1466 1
397 385 1
1022 1022 1
1324 1345 1
626 626 4
1864 1868 2
449 453 1
1690 1823 1
219 222 1
592 596 2
766 767 1
403 458 1
44 40 1
1070 1079 1
1499 1497 2
779 774 1
692 710 1
488 536 1
451 428 1
806 858 1
1305 1669 1
1268 1268 2
1402 1411 1
494 504 1
1552 1564 2
1198 1243 1
1097 1117 1
392 403 1
983 986 1
1507 1511 1
617 635 1
35 58 1
934 933 1
1681 1679 1
1184 1185 1
478 481 1
153 427 1
262 263 1
683 766 1
783 820 1
1889 1915 2
805 856 1
974 1000 1
115 121 1
1024 1028 1
651 696 1
1259 1266 1
1823 1857 1
623 670 1
605 985 1
1674 1726 1
1138 1134 1
1615 1618 1
404 451 1
1714 1711 1
1097 1288 1
155 249 1
1369 1369 2
962 1044 1
531 536 1
314 330 3
272 256 1
1268 1267 1
1326 1378 1
1243 1251 1
564 592 1
1601 1601 1
35 35 1
1803 1726 1
841 861 2
365 366 1
1856 1902 1
268 256 2
1571 1588 1
777 777 1
867 862 1
1574 1571 1
946 944 1
1369 1408 1
1077 1023 1
696 695 1
43 127 1
146 147 1
982 981 2
1213 1210 1
849 849 45
1215 1214 4
26 24 1
502 1881 1
906 916 3
1386 1387 1
1259 1259 6
488 551 1
89 93 1
69 70 1
1082 1117 2
2 1 1
629 617 1
1215 1238 1
153 155 2
407 416 1
501 517 1
430 436 1
627 669 1
452 446 1
1124 1131 1
1458 1447 1
1731 1803 1
459 458 1
1215 1319 1
1571 1727 1
1516 1517 1
1711 1808 1
1665 1680 1
636 636 4
1001 1003 1
657 677 1
127 123 1
1379 1394 1
1492 1512 2
544 656 1
100 95 1
251 256 5
1889 1909 6
1631 1670 1
821 823 1
1270 1272 1
1361 1358 1
774 779 1
1182 1172 1
1266 1289 1
220 320 1
885 930 1
501 669 1
1486 1496 1
195 191 1
768 773 1
1875 1902 1
224 222 1
419 423 1
874 850 1
1734 1711 1
1823 1855 1
1895 1890 1
119 115 1
1258 1259 1
730 731 1
151 184 1
184 240 1
627 644 1
684 691 1
81 337 1
1807 1827 1
1756 1761 1
178 215 1
752 757 1
680 624 1
67 71 1
1321 1324 1
1357 1371 1
849 818 1
1130 1160 1
217 228 1
614 626 1
298 299 6
1205 1205 4
1476 1490 1
893 980 1
620 620 2
1486 1670 1
1451 1504 1
1357 1361 1
916 903 2
1376 1376 21
738 739 1
617 636 1
850 1001 1
522 538 1
444 461 1
748 745 1
470 1333 1
1579 1579 1
1332 1333 1
736 790 1
880 907 1
1212 1284 1
75 75 7
235 318 1
1695 1700 1
1173 1298 1
580 580 31
176 187 1
545 580 1
840 852 1
522 492 1
1290 1290 2
1026 1037 1
1560 1720 1
127 152 1
153 156 1
113 55 1
132 127 2
969 970 1
211 213 1
1290 1280 1
1809 1797 1
412 415 1
1121 1123 1
414 431 1
1464 1486 1
597 601 2
1399 1409 1
60 54 1
1319 1338 1
527 543 1
745 746 1
1722 1711 1
7 24 1
913 1113 1
1834 1825 1
1754 1755 1
554 572 1
872 873 1
53 68 1
870 850 1
752 752 1
654 627 1
1280 1299 5
1560 1552 1
695 695 2
954 962 1
461 462 1
805 839 1
81 54 1
890 964 1
1902 1902 1
818 831 1
875 889 1
1706 1731 1
1616 1938 1
1297 1299 1
238 508 1
1085 1148 1
1309 1351 1
683 683 15
902 902 1
1097 1122 5
372 381 1
564 564 18
453 501 1
1337 1337 44
927 922 1
1207 1140 1
1086 1116 1
282 334 1
258 289 1
594 617 1
1182 1150 1
701 1081 1
1405 1391 2
816 781 1
1692 1683 1
1246 1243 1
323 303 1
215 222 3
108 598 1
503 545 1
988 990 1
1633 1637 1
1571 1604 1
1729 1726 1
773 780 1
1788 1788 2
298 428 1
744 756 1
601 602 1
549 550 1
1501 1506 1
1187 1167 1
1286 1302 1
793 790 1
497 497 2
1015 1021 1
330 353 2
55 95 4
179 208 1
1469 1482 1
916 906 1
1197 1199 1
96 96 1
1656 1658 1
1364 1351 1
945 1025 1
1000 1032 1
1250 1293 1
1476 1464 1
1615 1683 1
1135 1125 1
1914 1939 1
861 869 1
454 453 1
57 55 1
1505 1506 2
361 362 1
388 390 1
1293 1294 1
1421 1423 1
1333 1333 2
215 215 14
1233 1215 1
1125 1145 1
1032 1032 25
115 35 1
1174 1202 4
701 1646 1
1914 1899 1
264 283 1
1439 1441 1
174 183 1
1391 1391 27
1193 1196 2
669 845 1
1020 1029 1
1538 1535 1
1711 1718 1
863 872 1
989 1000 5
1808 1860 2
291 491 1
1260 1260 3
1423 1440 1
1243 1299 1
63 55 1
1141 1174 1
1061 1044 1
1153 1155 1
1118 1119 1
694 695 1
1761 1763 1
1527 1862 1
928 962 2
1939 1939 2
442 449 1
322 358 1
1394 1379 1
1541 1541 1
1654 1796 1
861 894 1
1122 1141 1
1845 1823 1
166 191 1
692 775 1
813 816 1
1325 1319 1
1627 1677 1
823 823 42
1117 1122 1
164 468 1
222 233 2
1735 1769 2
424 441 1
1552 1862 1
406 377 1
658 658 1
446 469 1
285 286 1
1376 1390 1
658 671 1
551 551 1
384 396 1
681 682 1
844 850 1
24 24 7
498 499 1
1260 1259 1
318 350 1
928 1097 1
1239 1211 1
1463 1485 1
747 748 1
750 701 1
1026 1052 1
1214 1211 1
1174 1177 1
1509 1509 5
1381 1414 1
1497 1509 1
1756 1756 1
937 916 1
375 375 1
1337 1356 1
1117 1117 13
624 673 1
445 414 1
1735 1797 1
1 38 4
1642 1641 1
1926 1933 1
648 636 1
1202 1215 10
350 420 1
1162 1181 1
1223 1224 1
816 818 1
1683 1822 1
1775 1890 1
766 795 1
114 174 1
490 491 1
41 40 1
443 453 1
667 646 1
1722 1890 1
494 496 1
1259 1210 1
433 438 1
196 214 1
1684 1627 1
1414 1659 1
1581 1567 1
1296 1304 1
60 988 1
269 345 1
1473 1474 1
670 1569 1
300 1486 1
733 833 1
1125 1202 1
756 778 2
1842 1853 1
1562 1561 1
391 394 1
428 1498 1
1646 1635 1
1338 1357 1
752 748 2
767 800 1
1666 1665 1
1003 1060 1
1864 1827 1
645 607 1
425 430 1
794 801 1
7 1 1
559 564 1
534 527 3
1125 1138 1
414 414 6
1238 1238 2
580 588 1
805 793 1
937 944 1
916 937 3
1056 1066 1
196 208 1
446 455 1
1391 1402 2
1068 1102 1
1562 1615 1
1479 1480 2
876 879 1
1 43 2
474 475 1
772 774 1
1826 1823 1
899 900 1
191 269 1
962 971 1
706 692 1
310 311 1
609 609 1
1700 1709 1
1873 1877 1
329 363 1
70 55 1
950 966 1
928 997 1
1551 1390 1
1119 1121 1
298 330 1
823 1065 1
1000 1021 1
861 863 1
1653 1653 1
1341 1342 1
716 762 1
1143 1142 1
775 823 1
573 608 1
1108 1117 2
1495 1509 1
46 47 1
1628 1635 1
1483 1486 1
1243 1245 1
1495 1497 1
841 824 1
791 791 1
970 963 1
146 1665 1
1131 1131 1
1808 1809 3
1055 1067 1
342 342 2
1595 1595 1
92 93 1
27 1269 1
1391 1411 5
430 471 1
1084 1084 3
587 764 1
1172 1182 2
1269 1571 1
81 108 1
1268 1351 1
1097 1215 1
300 298 1
1188 1174 1
1486 1500 1
1875 1906 1
1475 1526 1
149 153 1
1453 1433 1
890 861 1
1150 1152 1
691 731 1
135 135 1
397 412 2
509 503 1
254 255 1
1 9 1
115 151 1
837 838 1
1417 1414 1
918 916 1
814 893 1
933 933 1
1664 1665 1
1032 1033 1
396 412 1
1117 1170 1
289 405 1
1659 1646 1
1837 1838 1
1411 1399 1
826 829 1
1727 1737 1
1453 1573 1
1915 1926 1
1506 1508 1
1683 1698 1
1275 1527 1
17 26 1
1167 1175 1
783 1215 1
1103 1104 1
229 222 1
1365 1399 1
778 779 1
981 981 23
1000 1015 3
1745 1735 1
1669 1670 1
409 409 2
1868 1868 1
1487 1503 1
312 303 1
456 1460 1
477 492 1
901 1615 1
477 478 1
1065 1073 2
192 191 1
1264 1285 1
716 716 7
397 405 1
53 24 1
1487 1809 1
769 770 1
708 1125 1
870 870 1
13 272 1
1703 1700 1
1826 1822 1
1820 1871 1
1340 1358 1
519 522 1
705 714 1
1722 1741 1
355 356 1
618 621 1
1280 1327 1
1215 1239 3
1890 1927 1
197 196 1
30 34 1
184 199 1
1432 1436 1
572 573 1
385 397 1
42 45 1
760 837 1
615 615 2
778 818 1
265 266 1
1614 1615 1
1299 1315 4
155 167 1
905 901 1
491 568 1
55 91 1
367 357 1
1509 1538 1
477 485 1
499 542 1
701 701 2
1577 1578 1
854 857 1
997 1037 1
1685 1686 1
861 852 1
1 27 2
75 60 1
1141 1149 1
75 101 1
95 95 65
1145 1146 1
835 842 1
372 380 1
561 534 1
121 129 1
871 874 1
1004 1117 1
1548 1720 1
1280 1315 1
1001 1001 1
623 623 2
937 940 1
1411 1381 1
98 102 1
62 64 1
1478 1478 1
1149 1150 1
268 268 5
531 516 1
1560 1615 2
625 642 1
1395 1391 1
222 223 1
889 885 1
1210 1226 1
94 174 1
412 430 7
372 527 1
160 55 1
987 989 1
1122 1150 1
435 434 1
790 823 1
40 66 1
1105 1073 1
777 789 1
1280 1337 1
1650 1646 1
374 1551 1
673 657 1
1646 1672 1
1293 1293 1
1280 1369 1
841 843 1
54 104 1
256 260 1
795 796 1
1151 1162 1
494 501 3
980 1498 1
896 897 1
892 913 1
396 398 1
783 802 1
678 678 7
805 806 1
827 850 1
1215 1210 4
153 135 2
617 618 1
547 624 1
543 536 1
88 55 1
1377 1447 1
1117 1134 2
506 546 1
55 56 1
1826 1850 1
1825 1826 1
1822 1889 2
1097 1115 1
889 894 1
155 155 3
621 622 1
623 624 1
1500 1500 1
35 52 1
1506 1537 3
38 35 1
901 857 1
1571 1646 3
1497 1492 1
814 814 1
194 184 1
1177 1177 7
1340 1368 1
1463 1560 1
1889 1889 23
841 844 1
1143 1167 1
1547 1552 7
718 721 1
1735 1824 1
115 115 14
209 222 2
191 197 1
320 336 1
692 704 2
1144 1144 1
592 597 2
22 22 1
1485 1480 1
1627 1637 1
701 654 1
5 1 1
118 127 1
1571 1594 1
942 962 1
122 114 1
1615 1595 1
179 306 1
384 372 1
607 612 1
3 55 1
404 436 1
235 289 1
1810 1808 1
976 976 2
1453 1463 3
894 894 3
453 470 1
1411 1466 1
689 1775 1
352 354 1
1789 1808 3
261 254 1
1575 1571 1
744 771 1
1920 1920 1
122 155 1
1204 1206 1
527 537 1
1398 1391 1
1413 1388 1
1170 1170 1
588 601 1
75 35 1
916 1003 1
740 714 1
773 767 2
562 563 1
272 314 1
319 322 1
748 765 1
395 306 1
783 816 2
1565 1552 1
1176 1172 1
1424 1439 1
906 906 3
1757 1726 1
1683 1735 3
610 814 1
430 434 1
943 975 1
306 401 1
823 835 1
704 705 1
1552 1556 1
832 841 1
482 472 1
1243 1250 1
601 675 1
428 457 1
545 545 19
1065 1068 1
43 155 1
824 841 1
716 692 1
74 75 1
147 147 1
1199 1081 1
663 700 1
1492 1506 2
134 246 1
372 289 1
653 624 1
1409 1445 1
824 824 5
1251 1267 1
1893 1889 1
1605 1608 1
341 341 6
119 196 1
143 127 1
675 684 1
1211 1211 1
1264 1279 1
1560 1596 1
140 153 1
793 825 1
1215 1233 2
995 1000 1
27 10 1
597 607 1
1643 1670 1
360 391 1
416 425 1
3 124 1
586 669 1
1486 1506 8
1727 1727 1
1607 1641 1
235 235 29
597 701 1
977 979 1
64 53 1
1333 1397 1
95 75 1
428 448 1
925 926 1
654 697 1
1264 1268 1
1596 1929 1
290 289 1
1436 1430 1
809 810 1
1646 1699 1
1678 1626 1
386 387 1
1319 1330 1
1528 1495 1
1214 1243 1
197 229 1
48 174 1
357 375 1
947 948 1
341 397 1
159 138 1
713 743 1
716 885 1
1213 1202 1
1864 1890 1
962 928 1
1218 1215 2
522 528 1
1737 1737 3
748 755 1
1193 1207 1
808 808 1
862 862 1
702 691 1
1551 1551 3
298 701 1
597 600 1
1015 1002 1
178 173 1
416 416 3
568 850 1
127 146 1
823 849 5
511 560 1
1492 1567 1
1418 1414 1
879 899 1
1071 1066 1
337 287 1
1243 1264 5
1238 1215 1
709 692 2
545 563 1
1150 1117 1
414 421 1
1299 1357 1
492 522 1
1 192 1
521 535 1
1728 1789 1
879 885 1
920 927 1
792 793 1
580 660 1
1087 1088 1
986 989 1
858 858 3
1032 1044 4
1466 1463 1
1160 1160 1
1823 1873 1
1728 1729 1
746 730 1
545 560 1
1615 1646 5
898 922 1
859 860 1
783 783 34
402 397 1
1345 1337 1
1822 1845 1
1905 1895 1
27 24 1
908 903 1
1809 1899 1
306 333 1
179 197 1
1408 1649 1
1165 1167 1
1201 1209 1
645 673 1
1842 1823 2
1822 1860 5
942 937 1
1333 1351 1
249 470 1
494 495 1
1637 1627 1
1280 1270 1
1044 1047 3
326 306 1
1379 1379 1
1411 1430 5
1430 1430 21
1632 1617 1
95 115 1
60 55 1
1434 1430 2
1569 1582 1
1183 1183 1
1409 1416 1
488 488 3
306 339 1
217 225 1
1125 1142 1
1600 1567 1
1032 1051 1
1435 1469 1
580 573 1
302 298 1
360 365 1
783 807 1
55 60 1
1840 1859 1
1340 1398 1
1297 1362 1
1327 1337 1
1498 1516 1
850 880 1
1095 1086 1
1187 1193 1
1442 1443 1
193 265 1
526 527 1
344 342 1
508 615 1
1488 1453 1
1029 1032 1
1453 1453 1
369 370 1
60 95 1
902 903 1
1702 1704 1
1243 1211 1
1076 1077 1
1677 1674 1
983 1014 1
1615 1685 1
1494 1495 1
767 783 1
1731 1790 1
401 575 1
992 998 1
1728 1739 1
586 586 1
102 60 1
60 1 1
619 626 1
871 861 1
1409 1409 2
1066 1065 2
397 523 1
54 89 1
1397 1423 1
1626 1626 2
260 261 1
1758 1762 1
936 931 1
580 594 1
1394 1415 1
1211 1223 1
1560 1560 7
1233 1238 1
153 140 1
672 673 1
496 494 1
719 718 1
35 90 1
1818 1808 1
1595 1654 1
1793 1823 1
818 823 1
1670 1705 1
931 931 20
700 1552 1
92 125 1
292 466 1
1172 1176 1
956 937 1
350 360 1
1381 1427 1
617 714 1
736 736 1
1319 1322 1
1634 1634 3
1044 1061 1
901 922 3
1451 1465 1
1892 1889 1
1105 1105 1
940 962 1
284 284 1
1333 1530 1
781 781 4
965 966 1
475 588 1
1253 1243 1
697 697 1
1 68 1
521 521 1
916 925 1
1727 1731 1
299 302 1
427 419 1
641 673 1
1560 1567 1
881 943 1
314 372 1
1549 1539 1
500 501 1
669 1001 1
714 722 2
324 325 1
3 6 1
1698 1711 1
631 742 1
389 503 1
1826 1860 1
1846 1856 1
375 377 1
1615 1691 1
640 640 2
1063 1066 2
1411 1421 1
609 634 1
4 47 1
1890 1890 18
1661 1674 1
1495 1506 1
29 21 1
171 171 4
787 841 1
967 991 1
1633 1628 2
1125 1130 1
791 792 1
813 832 1
410 404 1
1388 1391 1
1323 1337 1
10 13 1
285 285 1
1376 1391 5
463 464 1
1158 1153 1
272 1117 1
1175 1175 1
671 671 2
701 694 1
850 861 1
1351 1392 1
1511 1514 1
1499 1506 1
1888 1864 1
1158 1296 1
1174 1182 1
1466 1487 1
1596 1596 4
1363 1363 1
397 414 3
1170 1346 1
973 973 1
372 385 1
85 92 1
1815 1885 1
487 494 1
729 729 1
1451 1463 2
718 737 1
534 562 1
673 691 2
1253 1280 1
940 944 1
1696 1801 1
924 922 1
1080 1067 1
1031 1017 1
690 651 1
267 275 1
314 320 1
16 17 1
1210 1215 6
1566 1569 1
36 92 1
1179 1172 1
1638 1640 1
916 931 1
976 996 1
1314 1323 1
1098 1100 1
818 849 1
1017 1031 3
1391 1404 1
964 983 1
1890 1902 1
740 966 1
1775 1786 1
823 794 1
1782 1788 1
617 634 1
1250 1243 1
558 631 1
577 577 1
1351 1385 1
1460 1453 1
446 428 1
1700 1703 1
1600 1600 1
512 501 1
430 412 2
1486 1491 1
789 791 1
114 219 1
1716 1739 1
953 953 2
1203 1305 1
1233 1299 1
1002 1026 1
1269 1287 1
1660 1662 1
95 92 1
1108 1111 1
794 814 2
1849 1854 1
861 904 1
598 598 2
322 488 1
1156 1167 1
1633 1646 1
697 716 1
937 951 1
239 235 1
153 161 1
613 608 1
1001 997 1
1463 1453 3
1410 1412 1
469 472 1
1479 1506 2
58 55 1
937 960 1
1782 1783 1
5 75 1
1247 1232 1
1333 1340 1
1460 1460 1
1271 1280 1
348 351 1
1797 1811 1
1535 1548 1
1216 1321 1
1047 1044 3
737 745 1
171 1167 1
951 937 1
959 927 1
138 162 1
3 24 1
322 368 1
1066 1125 2
1731 1731 1
1 55 1
794 794 1
1399 1378 1
900 894 1
193 197 1
766 778 1
1535 1890 1
217 207 1
255 259 1
568 564 1
536 597 1
1735 1751 1
573 720 1
857 865 1
331 1552 1
1295 1357 1
303 322 1
1193 1167 2
1084 1085 1
1280 1486 1
1578 1581 1
1858 1854 1
732 733 1
222 235 5
225 264 1
1290 1299 1
350 349 1
299 303 1
985 981 1
158 153 1
714 758 1
1864 1889 1
1388 1399 1
758 748 1
1584 1585 1
222 289 1
55 38 1
424 407 1
1073 1084 1
477 522 1
1060 1157 1
414 430 1
835 859 1
1034 1141 1
129 115 1
1466 1497 1
1415 1425 1
1399 1403 1
173 191 1
1019 1020 2
891 931 1
1488 1489 1
624 830 1
966 1107 1
972 987 1
58 58 1
1683 1700 3
405 412 1
153 179 2
707 756 1
543 556 1
931 1042 1
65 67 1
197 218 1
1560 1602 1
1031 1066 1
184 193 1
1360 1358 1
991 992 1
1055 1023 1
1392 1400 1
1845 1845 1
378 379 1
251 251 17
1499 1486 2
1633 1687 1
948 949 1
1447 1453 2
1790 1864 1
1202 1233 1
1789 1803 1
1552 1601 1
197 209 4
1205 1215 1
1305 1211 1
873 881 1
322 322 2
527 516 1
824 790 1
235 242 1
1147 1149 1
1286 1616 1
1800 1860 1
1606 1604 1
298 491 1
1532 1533 1
1229 1231 1
1015 1063 1
217 217 3
1506 1505 1
336 336 1
55 180 1
93 97 1
774 1138 1
848 917 1
710 748 1
1023 1022 1
248 246 1
135 1117 1
1003 1004 3
1409 1633 1
931 997 1
289 290 1
1103 1112 1
989 989 40
1826 1833 1
518 934 1
962 981 6
228 228 1
981 989 8
157 160 1
1270 1280 1
21 150 1
931 937 1
55 90 1
1378 1378 1
1509 1537 1
611 730 1
691 693 1
1091 1092 1
944 946 1
673 671 1
1889 1878 1
397 397 37
1659 1678 1
1813 1890 1
95 176 1
903 903 6
170 281 1
299 480 1
601 608 1
1149 1210 1
54 95 1
219 230 1
1021 1017 1
1560 1569 1
510 920 1
1806 1814 1
27 33 1
1149 1149 55
858 909 1
1243 1256 1
1780 1781 1
732 953 1
469 508 1
1021 1215 1
861 906 1
184 207 1
1554 1552 1
701 748 1
584 584 1
551 610 1
1612 1648 1
428 477 1
621 628 1
1586 1560 1
1479 1499 1
995 979 1
950 931 1
184 190 1
1193 1187 1
349 350 2
1902 1890 1
207 217 2
944 937 1
1808 1810 1
1065 1097 1
1264 1250 1
90 127 1
1185 1186 1
718 719 1
165 193 1
741 737 1
1115 1097 1
83 84 1
691 1003 1
302 509 1
583 585 1
507 573 1
569 592 1
783 813 1
218 219 1
219 219 1
932 1203 1
124 131 1
1735 1723 2
1608 1643 1
1823 1861 1
577 654 1
407 407 1
27 38 2
1166 1164 1
52 38 1
1142 1158 1
201 178 1
1267 1271 1
314 300 1
1552 1575 1
1471 1473 1
1830 1811 1
45 1 1
1610 1611 1
1215 1218 1
253 254 1
273 992 1
809 822 1
1492 1501 1
43 55 1
850 701 1
1497 1499 2
210 211 1
673 681 1
284 315 1
802 783 1
805 861 1
1 20 1
1049 1047 1
646 676 1
866 861 1
305 348 1
1024 1039 1
372 384 1
536 565 1
68 68 1
692 705 1
1365 1549 1
1362 1498 1
1859 1860 1
55 53 1
1292 1315 1
1823 1858 1
1218 1218 1
407 428 1
1378 1411 1
47 48 1
858 844 1
1211 1366 1
1043 1045 1
1031 1038 1
778 774 1
1268 1270 1
186 193 1
1826 1842 1
1148 1149 1
1096 1073 1
314 298 1
1315 1323 1
1450 1450 1
545 559 1
1065 1066 1
1860 1941 1
1299 1337 3
1922 1923 1
437 427 1
936 945 1
1571 1634 1
759 760 1
1073 1105 2
338 330 1
1920 1921 1
212 215 1
68 60 1
824 818 1
1062 1085 1
1069 1070 1
1321 1571 1
420 420 1
1822 1911 1
1167 1191 1
1214 1232 1
1571 1600 2
729 824 1
692 712 1
1280 1289 1
1506 1521 1
1355 1357 1
2 4 1
1627 1661 1
1799 1807 1
632 627 1
1424 1424 2
906 907 1
597 597 33
818 793 1
479 715 1
1618 1615 1
178 184 2
748 752 1
1031 1031 1
1414 1429 1
184 228 1
289 298 1
1509 1492 1
1552 1557 1
1200 1210 1
1557 1552 1
483 477 1
1809 1808 4
428 415 1
1280 1283 1
35 37 1
1506 1552 6
1789 1789 8
95 219 1
8 1 1
834 835 1
316 317 1
934 934 2
1243 1339 1
801 783 1
1336 1337 1
1391 1396 1
1086 1073 1
1657 1660 1
1231 1234 1
576 580 1
1626 1607 1
962 931 1
477 500 1
643 627 1
123 128 1
511 508 1
1193 1280 1
1280 1280 35
200 194 1
1765 1766 1
793 824 1
1823 1840 1
153 153 20
357 1720 1
501 515 2
339 322 1
430 442 1
106 219 1
763 842 1
730 752 1
127 148 1
1122 1125 2
516 532 1
829 794 1
654 658 1
515 515 8
481 482 1
64 54 1
106 106 30
141 142 1
1894 1898 1
660 673 1
1047 1047 1
1787 1809 1
135 127 1
963 989 1
1066 1085 1
879 879 2
309 312 1
303 329 1
541 541 1
1491 1491 2
818 1391 1
1259 1250 1
748 748 40
1211 1203 1
1264 1271 1
1003 1117 1
808 809 1
555 577 1
366 367 1
1823 1849 1
1822 1843 1
901 907 1
1170 1182 1
1919 1920 1
1877 1878 1
359 361 1
149 149 1
1414 1411 1
1886 1889 1
1658 1659 1
1029 1029 1
937 931 2
350 372 1
615 609 1
1333 1405 1
1349 1784 1
428 440 1
1190 1194 1
988 989 1
1264 1280 8
1044 1033 1
254 272 1
571 574 1
1411 1424 2
603 617 1
1571 1572 1
1860 1822 1
1939 1941 2
959 988 1
946 928 1
176 174 1
1132 1132 1
231 268 1
962 1000 1
645 654 1
1324 1319 2
774 768 1
885 937 1
299 314 4
126 135 1
1259 1243 1
654 622 1
1580 1597 1
677 673 1
1372 1351 1
1233 1243 2
823 824 1
1023 1055 1
1092 1094 1
496 497 1
1868 1861 1
353 344 1
511 521 2
997 997 1
1134 1125 1
1323 1335 1
644 641 1
216 1541 1
1535 1487 1
1817 1865 1
595 592 1
397 409 2
55 85 1
651 652 1
1824 1866 1
942 942 3
211 215 1
1280 1319 1
784 781 1
752 775 1
1233 1864 1
992 992 3
1430 1431 1
196 291 1
573 584 1
828 816 1
691 708 1
781 794 1
1628 1667 1
1073 1460 1
1066 1071 2
1434 1447 1
145 131 1
1125 1141 1
1697 1638 1
1673 1631 1
612 597 1
1329 1329 1
1878 1889 2
1653 1635 1
812 809 1
1670 1634 1
1259 1628 1
1720 1716 1
1337 1329 1
1233 1244 1
1838 1822 1
863 864 1
1177 1368 1
95 272 1
278 272 1
1689 1695 1
1220 1221 1
1113 1113 1
1168 1165 1
1712 1802 1
34 40 1
1281 1290 1
1255 1257 1
1177 1174 2
1679 1679 1
683 685 1
843 841 2
502 567 1
428 430 2
551 552 1
1319 1324 2
30 30 1
1728 1740 1
7 31 1
816 783 1
1134 1167 1
428 573 1
1051 1044 1
639 638 1
949 946 1
1137 1169 1
642 647 1
916 919 1
1037 1058 1
557 536 1
522 522 9
1495 1528 1
1848 1851 1
174 178 2
1391 1376 1
855 855 1
1501 1504 1
931 981 1
472 473 1
720 928 1
1627 1630 1
701 777 1
1060 1044 3
1388 1417 1
903 902 1
1628 1651 1
270 264 1
1403 1399 2
666 666 1
333 303 1
1486 1535 1
1675 1675 1
935 922 1
59 55 1
857 906 1
1092 1106 1
1571 1610 1
298 371 1
1802 1901 1
616 607 1
127 143 1
1149 1174 4
1552 1552 337
417 425 1
1161 1170 1
455 459 1
95 96 3
1399 1411 1
1480 1486 2
1628 1633 1
766 773 1
710 733 1
306 322 1
1633 1626 1
1711 1731 3
1104 1104 1
1322 1324 1
1130 1138 1
1552 1857 2
830 892 1
1236 1255 1
9 11 1
1902 1935 1
1114 1105 1
1560 1632 1
927 942 1
1065 1064 1
1194 1193 1
198 184 1
1685 1685 1
737 738 1
1472 1472 1
1003 1000 1
634 641 1
300 320 1
1701 1702 1
619 617 1
712 715 1
623 617 1
1535 1552 1
931 939 1
622 621 1
1592 1571 1
829 823 2
1457 1654 1
1596 1571 1
522 730 1
1497 1506 2
1242 1552 1
928 931 1
453 467 1
1331 1332 1
1655 1638 1
60 86 1
1044 1069 1
1899 1889 1
1149 1188 1
1 35 1
1105 1097 2
1147 1134 1
95 105 1
295 296 1
776 811 1
1405 1407 1
816 829 2
1504 1547 2
878 879 1
1345 1345 4
748 773 4
1580 1682 1
1605 1571 1
1304 1345 1
1735 1771 1
1881 1896 1
971 973 1
647 648 1
1604 1605 2
1567 1567 1
38 298 1
692 697 1
179 179 3
1462 1453 1
550 555 1
1023 1075 1
1175 1174 1
298 314 2
1001 1826 1
1472 1479 1
414 474 1
136 137 1
390 372 1
609 611 1
1646 1775 1
1534 1555 1
1582 1623 1
627 619 1
794 1177 1
875 939 1
297 365 1
658 627 1
1828 1830 1
1791 1737 1
1634 1653 1
922 922 34
400 413 1
861 885 1
1 36 1
1430 1459 1
648 638 1
152 184 1
1733 1722 1
1225 1215 1
1150 1183 1
1519 1520 1
533 531 1
54 35 1
722 727 1
1879 1889 1
1429 1431 1
1092 1193 1
1624 1628 1
1732 1733 1
725 737 1
1775 1758 1
1243 1210 2
1376 1383 1
266 300 1
714 783 1
1030 1017 1
592 1216 1
1023 1080 1
844 843 1
1257 1255 1
869 861 1
817 815 1
1463 1476 1
569 566 1
1334 1337 1
568 893 1
1008 1002 1
182 205 1
1174 1174 47
901 881 1
1092 1103 1
538 534 1
1453 1445 1
337 372 1
1441 1441 1
1738 1711 1
430 454 1
1469 1699 1
1280 1306 1
820 816 1
1716 1806 1
425 428 1
315 349 1
1017 1021 1
926 922 1
1664 1717 1
910 907 1
1583 1581 1
1107 1124 1
1388 1395 1
1735 1777 1
127 164 1
1053 1068 1
372 393 1
1611 1614 1
1369 1391 1
303 324 2
1615 1619 1
166 166 1
197 215 1
35 132 1
1235 1237 1
989 1009 1
1347 1337 1
1399 1552 1
1915 1915 6
615 634 1
683 663 1
724 725 1
1368 1627 1
916 952 1
714 716 1
1486 1499 3
174 174 21
55 78 1
1874 1894 1
1292 1809 1
1403 1483 1
705 775 1
1073 1082 1
674 785 1
1073 1094 2
283 284 1
1537 1537 3
1775 1799 1
525 515 1
767 773 1
628 630 1
21 59 1
1509 1638 1
1452 1447 1
510 510 2
634 636 1
105 106 1
675 671 1
1707 1722 1
569 571 1
1778 1779 1
609 615 1
1752 1757 1
1529 1571 1
371 372 1
480 823 1
762 756 1
598 614 1
1514 1509 1
730 750 1
1422 1422 1
1634 1897 1
470 470 2
109 110 1
1368 1340 1
1141 1154 1
222 232 1
1552 1596 1
1133 1297 1
303 306 2
654 718 1
1869 1726 1
750 761 1
1749 1735 2
1487 1488 1
737 737 1
1036 1032 1
95 60 1
556 578 1
1775 1815 1
1210 1202 1
287 272 2
1044 1060 3
1263 1280 1
1433 1497 1
1264 1264 35
1619 1615 1
372 360 1
1357 1357 18
1250 1250 3
1803 1803 4
1744 1735 1
142 150 1
937 928 1
1174 1193 2
1784 1789 1
1130 1105 1
560 580 3
1825 1822 1
1151 1134 1
778 934 1
263 280 1
943 927 1
668 678 1
1211 1264 1
1267 1803 1
184 174 1
184 194 1
1378 1529 1
898 898 1
1826 1839 1
1021 1021 13
1215 1310 1
1567 1589 1
1423 1423 7
428 488 1
1646 1675 1
602 597 1
161 163 1
142 127 1
150 445 1
72 73 1
1487 1497 2
1447 1452 1
24 304 1
1073 1076 1
1057 1073 1
1074 1071 1
194 173 1
50 51 1
1743 1735 1
1911 1911 7
235 245 1
175 184 1
610 1381 1
1047 1560 1
168 186 1
846 861 1
773 773 29
1797 1775 1
1097 1105 1
1131 1092 1
1094 1096 1
394 394 1
937 937 61
419 414 1
781 916 1
313 314 1
1100 1101 1
1167 1192 1
1565 1565 1
173 200 1
249 239 1
1000 989 1
790 813 1
1688 1696 1
289 289 18
181 184 1
1085 1073 1
989 988 1
1382 1394 1
775 815 1
406 397 1
1722 1722 2
796 797 1
1571 1569 1
1433 1433 1
1646 1682 1
412 425 1
1441 1463 1
1033 1053 2
184 184 31
38 55 6
477 483 1
777 786 1
207 211 1
1563 1571 1
716 695 1
508 492 1
1280 1297 1
397 396 4
788 780 1
977 1911 1
1 25 1
1909 1915 1
727 728 1
1880 1883 1
1860 1860 26
1167 1535 1
941 944 1
1509 1487 2
472 482 1
1547 1551 1
1768 1864 1
1722 1743 1
1310 1351 1
1215 1215 64
1128 1135 1
245 243 1
527 716 1
176 176 1
268 270 1
822 877 1
1003 1032 1
1479 1560 1
793 783 1
1279 1279 1
494 493 1
1512 1492 1
112 106 1
171 172 1
1628 1595 1
584 593 1
1061 1057 1
345 392 1
901 915 1
110 136 1
55 82 1
1102 1104 1
1492 1495 1
280 285 1
1422 1424 1
1846 1846 1
1773 1774 1
824 805 1
841 841 10
1 1 62
1 18 1
75 55 1
1864 1864 5
1788 1915 1
280 396 1
861 898 1
527 545 2
89 88 1
1211 1174 1
1050 1108 1
714 1064 1
1548 1762 1
1488 1675 1
592 592 5
1620 1625 1
1340 1374 1
1530 1530 1
1053 1033 1
852 852 1
263 263 2
1670 1758 1
1328 1419 1
1652 1767 1
1303 1312 1
120 463 1
55 58 2
1815 1822 1
1553 1552 1
1552 1560 3
1567 1568 1
228 235 1
856 856 1
102 115 2
925 945 1
1248 1243 2
927 957 1
1887 1864 1
1125 1168 1
955 1756 1
790 803 1
922 937 4
298 306 2
55 63 1
1358 1363 1
1628 1697 1
750 942 1
1044 1097 1
1315 1317 3
1638 1711 1
849 868 1
1552 1734 1
671 679 1
1699 1695 1
1393 1383 1
1002 1133 1
1560 1584 1
1233 1278 1
32 27 1
592 599 1
1822 1864 1
536 697 1
1419 1434 1
1046 1026 1
1025 1063 1
304 302 1
430 425 1
1615 1541 2
235 262 1
199 201 1
1344 1345 1
420 522 1
1268 1271 1
494 511 1
1149 1153 2
542 547 1
124 185 1
1221 1223 1
1065 1065 6
1079 1065 1
1390 1391 1
18 29 1
1301 1727 1
1602 1571 1
476 302 1
1411 1463 2
494 931 1
782 783 1
1867 1881 1
814 823 1
673 673 38
122 153 1
1634 1644 1
1342 1344 1
1267 1309 1
58 119 1
849 861 5
1167 1193 2
1613 1712 1
1066 1070 1
748 767 1
1373 1367 1
1374 1375 1
1434 1449 2
783 818 1
1675 1725 1
1564 1562 1
862 850 1
1663 1664 1
978 1140 1
98 113 1
904 932 1
1711 1724 1
268 231 1
176 184 1
1369 1374 1
123 123 1
1284 1380 1
1244 1264 1
1117 1150 1
861 916 1
153 159 1
1085 1109 1
1015 1018 1
131 117 1
495 508 1
1731 1728 1
28 46 1
545 551 2
1117 1316 1
508 568 1
803 804 1
453 477 4
1321 1319 1
1430 1411 1
235 272 1
1789 1788 1
1571 1593 1
1307 1396 1
957 989 1
1498 1498 3
601 722 1
997 1073 1
1204 1215 1
1101 1103 1
1391 1428 1
1160 1204 1
1694 1683 1
420 428 1
1735 1808 3
1178 1172 1
1897 1919 1
1853 1861 1
486 494 1
768 769 1
460 453 1
1009 1032 1
419 419 1
1808 1892 1
1215 1235 1
350 430 1
501 514 1
119 119 1
1150 1174 1
468 701 1
508 669 1
955 950 1
1117 1143 1
56 55 1
1122 1122 16
1582 1583 1
387 388 1
481 481 2
1556 1552 1
896 929 1
1567 1586 1
697 691 1
896 890 1
1136 1158 1
324 330 1
1233 1418 1
491 543 1
1567 1609 1
1430 1434 2
1203 1211 1
298 303 2
756 805 1
376 376 1
945 950 1
1039 1130 1
1117 1177 1
1833 1842 1
1071 1070 1
124 119 1
1934 1942 1
405 409 1
260 298 1
1621 1633 1
172 173 1
1843 1844 1
196 306 1
1211 1202 2
1371 1369 1
328 330 1
1268 1290 1
150 135 1
1357 1376 5
353 397 1
1150 1177 1
1222 1230 1
930 922 1
1735 1748 1
1122 1149 1
1859 1889 1
1032 1056 1
123 153 1
208 196 1
1497 1510 1
999 1222 1
38 54 1
597 627 2
1726 1789 1
1319 1337 1
414 427 1
1004 1010 1
1731 1778 1
133 127 1
1363 1364 1
458 498 1
1373 1373 1
663 716 1
813 783 1
1777 1809 1
673 692 1
372 406 1
1827 1848 1
213 217 1
1356 1487 1
1289 1299 1
322 315 1
992 1263 1
1270 1270 1
38 153 1
676 673 1
1683 1693 1
1567 1775 1
1233 1233 3
373 350 1
38 75 1
360 360 2
823 818 1
730 736 1
1487 1540 1
184 215 1
1006 1000 1
1283 1280 1
1823 1825 1
156 158 1
580 583 1
135 277 1
1919 1928 1
174 272 1
430 453 3
582 582 4
804 805 1
1117 1097 1
698 700 1
127 133 1
1603 1652 1
516 539 1
865 870 1
1571 1631 1
1215 1204 1
82 83 1
1368 1399 1
428 432 1
1337 1333 2
1319 1334 1
1634 1646 2
453 456 1
751 753 1
992 993 1
440 414 1
1202 1214 1
1126 1128 1
1070 1092 1
1649 1674 1
235 256 1
1708 1753 1
1544 1546 1
306 337 1
217 231 1
1822 1893 1
715 759 1
397 592 1
358 322 1
1727 1769 1
453 460 1
1635 1628 1
1167 1326 1
1769 1735 1
989 1001 1
1598 1615 1
1464 1598 1
161 1016 1
882 921 1
699 693 1
1255 1260 1
1899 1916 1
962 962 52
707 692 1
607 614 1
1415 1415 1
598 597 1
1026 1027 1
922 928 1
1676 1675 1
1487 1513 1
737 714 1
1044 1017 1
1164 1149 1
60 89 1
1425 1426 1
1111 1107 1
554 566 1
1155 1164 1
654 656 1
1541 1552 1
1892 1892 1
573 576 1
1571 1915 1
1569 1573 1
814 858 1
781 786 1
1210 1259 1
1044 1167 1
1731 1716 1
327 328 1
1125 1149 5
1213 1552 1
1065 1233 1
1551 1553 1
1771 1735 1
1696 1696 2
299 299 34
1388 1403 1
933 937 1
1078 1073 1
1022 1033 1
692 692 6
641 686 1
1497 1552 1
398 397 2
693 701 1
682 687 1
771 754 1
1273 1313 1
1694 1701 1
1097 1125 2
1420 1601 1
816 729 1
824 836 1
1889 1890 2
909 917 1
1596 1637 1
701 904 1
1243 1241 1
1014 1039 1
1834 1837 1
414 412 1
1044 1063 1
1768 1768 1
861 866 1
1411 1414 2
440 428 1
277 806 1
573 601 1
425 440 1
1455 1457 1
1399 1432 1
972 1277 1
780 789 1
708 714 1
748 783 1
306 323 1
1044 1174 1
733 734 1
554 557 1
1717 1719 1
1914 1941 1
1683 1666 1
861 871 1
1598 1599 1
692 691 1
252 256 1
1390 1411 1
1416 1403 1
864 861 1
313 380 1
528 522 1
225 226 1
1025 1046 1
1239 1215 1
49 60 1
840 844 1
1167 1552 1
1397 1405 1
440 452 1
441 442 1
289 272 1
1647 1650 1
540 554 1
1262 1273 1
1633 1633 1
1339 1463 1
380 380 1
813 813 1
1588 1571 1
1223 1228 1
1351 1435 1
961 945 1
415 428 1
492 511 1
645 645 6
330 372 3
1724 1728 1
1401 1397 1
726 798 1
416 419 1
1811 1811 1
656 657 1
1211 1239 1
1020 1055 1
939 1035 1
1486 1552 2
863 850 1
1836 1837 1
1627 1711 1
24 27 1
1823 1797 1
276 292 1
1271 1271 1
1496 1486 2
1463 1486 3
13 7 1
1775 1914 1
1535 1506 4
1486 1486 68
1174 1180 1
1309 1327 1
539 540 1
1292 1270 1
1163 1165 1
636 657 1
785 1321 1
1540 1541 1
418 414 1
630 633 1
1202 1210 1
425 426 1
1715 1775 1
794 805 1
1760 1776 1
1085 1153 1
1063 1233 1
6 1 1
841 819 1
806 783 2
1638 1646 1
1345 1379 1
1003 1129 1
1434 1552 1
597 667 1
1513 1506 1
1210 1213 1
988 1022 1
587 707 1
1056 1409 1
1333 1337 1
335 353 1
1571 1683 1
1215 1250 1
850 850 3
1917 1909 1
815 821 1
1665 1707 1
1463 1479 1
1535 1537 2
1631 1596 1
1938 1911 1
91 90 1
950 962 1
1302 1303 1
627 627 13
1249 1269 1
187 184 1
117 124 1
1274 1274 1
1756 1795 1
1646 1638 1
1337 1370 1
1048 1070 1
691 698 1
1 60 2
165 155 1
536 545 2
1022 1039 1
890 898 1
1860 1889 4
691 714 4
1849 1852 1
559 561 1
319 316 1
963 943 1
1781 1780 1
1228 1236 1
624 624 1
1747 1735 1
1891 1889 1
1463 1451 2
992 1003 3
745 793 1
1704 1665 1
528 544 1
560 615 1
1872 1871 1
470 476 1
1243 1309 1
1317 1315 2
1912 1909 1
404 397 1
515 536 1
635 673 1
1039 1049 1
1762 1768 1
342 337 1
514 510 1
1305 1305 1
673 678 1
1174 1198 1
1219 1215 1
597 596 1
958 959 1
975 967 1
167 168 1
335 330 1
95 106 3
1445 1463 1
527 560 1
814 841 1
1147 1147 2
254 251 2
735 701 1
294 295 1
1383 1391 1
903 922 1
940 928 1
1109 1110 1
1863 1864 1
1504 1504 3
781 815 1
1211 1811 1
331 335 1
243 243 1
270 268 1
58 49 1
976 980 1
1330 1331 1
962 942 1
320 541 1
1775 1775 16
377 407 1
1003 1008 1
1615 1627 1
1501 1500 2
1541 1823 1
622 671 1
272 298 5
1840 1823 2
37 43 1
1764 1765 1
717 697 1
77 68 1
520 512 1
135 153 2
1000 1011 1
286 287 1
1267 1282 1
246 247 1
1638 1841 1
1424 1450 1
115 235 1
60 115 1
691 691 42
1916 1909 1
190 178 1
1149 1202 2
581 581 1
1552 1558 1
645 649 1
695 824 1
989 1044 2
439 465 1
914 923 1
536 559 1
1797 1798 1
1860 1879 3
483 732 1
1478 1464 1
1531 1534 1
1112 1097 1
534 534 1
68 98 1
1021 1019 1
1711 1775 2
366 726 1
793 906 1
593 595 1
79 55 1
962 937 1
350 364 1
637 617 1
890 852 1
1831 1823 1
1211 1267 1
1298 1297 1
694 654 1
1769 1770 1
1808 1817 1
1340 1268 1
1860 1890 1
1174 1189 1
993 989 1
246 257 1
691 692 2
232 250 1
1798 1797 1
1243 1243 56
624 625 1
1788 1789 1
669 627 1
1915 1929 1
790 824 1
1384 1388 1
663 668 1
235 396 1
715 715 1
184 222 1
1573 1560 1
127 127 39
483 1064 1
1726 1724 1
1149 1343 1
534 553 1
1 7 2
58 80 1
850 1333 1
1678 1689 1
1921 1919 1
1094 1097 1
1070 1074 1
819 819 1
567 1002 1
217 223 1
1506 1535 6
937 936 1
972 972 1
1735 1735 20
617 617 18
1167 1195 1
1775 1789 6
1239 1248 1
1375 1376 1
699 703 1
344 353 2
1851 1855 1
272 280 1
456 453 1
1855 1823 1
1073 1097 5
385 386 1
810 808 1
578 573 1
1822 1914 1
409 414 2
796 798 1
1116 1163 1
981 987 1
1646 1683 7
250 256 1
1520 1571 1
987 985 1
422 412 1
842 850 1
1267 1267 1
247 284 1
1054 1233 1
259 252 1
1539 1550 1
1472 1567 1
1497 1487 2
1333 1414 1
814 1492 1
1094 1073 1
1327 1329 1
231 232 1
527 527 13
234 233 1
256 256 60
1626 1633 1
1860 1861 1
939 927 1
235 243 2
1269 1291 1
1840 1849 1
783 806 2
226 225 1
1050 1066 1
405 428 1
407 408 1
86 87 1
1149 1147 1
1737 1722 1
585 589 1
268 271 1
732 740 1
197 202 1
380 382 1
272 287 1
1414 1446 1
1429 1430 1
1177 1189 1
844 871 1
24 69 1
1438 1613 1
1057 1057 6
228 237 1
372 373 1
1000 1000 28
736 730 1
1543 1535 1
566 582 1
1741 1726 1
1456 1461 1
1042 1085 1
1517 1835 1
1205 1210 1
636 664 1
251 235 2
922 943 1
1097 1114 1
617 640 1
686 682 1
1276 1233 1
467 467 1
581 560 1
1445 1451 1
1679 1664 1
841 840 1
1450 1447 1
233 648 1
296 297 1
1899 1911 1
714 740 1
743 767 1
148 153 1
68 95 1
1319 1149 1
895 896 1
932 959 1
806 805 1
893 861 1
1449 1434 1
1550 1547 1
1411 1447 1
617 623 2
852 853 1
183 184 1
1552 1860 1
197 179 1
1003 1024 1
1568 1574 1
1447 1477 1
1854 1823 1
1826 1849 1
223 217 1
208 217 1
1567 1571 3
338 338 2
923 924 1
1919 1919 2
693 691 1
584 601 1
1506 1504 1
535 701 1
1735 1738 1
1174 1357 1
38 38 38
663 683 1
617 673 2
654 654 1
1497 1497 14
1537 1487 1
1003 1092 1
703 692 1
742 978 1
14 15 1
617 691 1
1011 1012 1
1097 1060 1
700 702 1
191 198 1
1876 1860 1
1465 1470 1
1563 1563 1
1354 1355 1
197 614 1
1478 1487 1
623 638 1
365 410 1
1655 1655 1
1571 1571 72
1312 1314 1
833 850 1
407 430 1
861 903 1
430 430 43
178 191 1
931 922 1
380 396 1
1826 1840 1
208 208 1
203 206 1
1315 1325 1
428 461 1
1726 1737 1
106 102 1
107 124 1
894 893 1
1251 1333 1
934 985 1
1569 1571 1
591 584 1
1571 1587 1
695 716 1
852 901 1
279 272 1
176 397 1
1066 1097 1
1775 1879 1
430 443 1
436 428 1
1720 1735 1
521 509 1
564 718 1
244 287 1
462 466 1
47 74 1
360 372 1
140 127 1
692 714 1
752 763 1
131 153 1
845 1117 1
1104 1103 1
2 2 1
188 274 1
1898 1910 1
849 1486 1
1167 1167 7
1667 1646 1
119 121 1
230 420 1
1389 1391 1
125 338 1
306 396 1
517 529 1
1589 1591 1
1092 1137 1
314 316 1
1822 1878 1
1097 1098 1
1243 1255 1
1573 1620 1
1646 1711 1
1448 1447 1
414 446 1
1674 1677 1
897 896 1
570 674 1
1504 1501 1
1605 1605 2
344 1337 1
1480 1453 1
1537 1497 1
266 266 1
1180 1177 1
1208 1211 1
1651 1617 1
1767 1775 1
415 415 1
1864 1918 1
670 692 1
434 435 1
1374 1351 1
1797 1797 3
783 826 1
809 816 1
40 35 1
1823 1842 1
691 671 1
7 268 1
501 513 2
1420 1420 2
730 732 1
182 184 1
1486 1505 1
1735 1749 2
568 590 1
1854 1840 1
96 95 3
184 182 1
60 77 1
22 23 1
704 707 1
1279 1280 1
691 670 1
1941 1941 7
235 1561 1
453 453 16
592 598 1
1105 1130 1
21 1 1
60 60 1
298 300 2
192 236 1
673 690 1
1477 1478 1
907 890 1
503 501 1
413 418 1
153 209 1
1086 1086 1
1270 1276 1
516 511 1
1032 1040 1
901 962 1
535 534 1
153 298 1
1498 1560 1
1447 1463 3
1311 1309 1
1865 1870 1
1687 1841 1
1809 1815 1
830 830 1
682 691 1
147 123 1
94 93 1
332 389 1
428 1117 1
597 613 1
1919 1922 1
823 1552 1
714 701 2
179 193 1
307 308 1
1627 1627 3
368 369 1
1844 1847 1
1287 1280 2
1700 1775 1
412 412 54
414 424 1
594 596 1
1731 1864 1
397 398 1
75 122 1
40 40 1
95 119 1
162 171 1
371 640 1
1367 1376 1
1783 1782 1
903 937 1
600 597 1
1042 1044 2
214 222 1
1299 1388 1
399 397 1
1067 1067 1
774 774 2
645 646 1
33 7 1
870 863 1
1672 1673 1
1840 1840 3
1265 1270 1
1769 1809 1
128 127 1
700 768 1
1467 1471 1
1346 1349 1
1641 1633 1
427 518 1
1665 1653 1
1039 1078 1
1411 1552 1
1615 1560 1
1210 1217 1
363 535 1
1711 1812 1
92 106 1
1029 1036 1
516 516 2
1862 1823 2
792 849 1
1904 1915 1
599 597 1
691 748 1
1304 1311 1
711 714 1
1394 1394 1
287 340 1
1044 1042 1
1390 1390 9
646 654 2
1127 1161 1
1626 1615 1
994 1062 1
1849 1822 1
1177 1172 1
904 1054 1
1572 1576 1
1059 1056 1
488 491 1
1099 1097 1
1251 1259 1
1125 1139 1
1480 1479 2
330 344 2
773 783 3
78 79 1
981 1000 1
748 732 2
765 730 1
1444 1440 1
233 234 1
202 197 1
114 120 1
1447 1466 1
24 7 1
1215 1225 1
1929 1909 1
1167 1251 1
1683 1713 1
1593 1638 1
1809 1889 1
1139 1125 1
748 749 1
127 141 1
1675 1676 1
551 1567 1
627 662 1
1936 1940 1
1868 1905 1
613 663 1
1425 1425 1
564 560 4
